0 0 1617
1 0 1507
2 0 1400
3 0 1294
4 0 1188
5 0 1107
6 0 1031
7 0 981
8 0 943
9 0 950
10 0 955
11 0 954
12 0 957
13 0 954
14 0 959
15 0 961
16 0 965
17 0 970
18 0 968
19 0 968
20 0 971
21 0 970
22 0 964
23 0 964
24 0 959
25 0 958
26 0 960
27 0 954
28 0 956
29 0 958
30 0 968
31 0 966
32 0 962
33 0 964
34 0 960
35 0 963
36 0 962
37 0 960
38 0 960
39 0 965
40 0 1174
41 0 1088
42 0 1023
43 0 1001
44 0 980
45 0 972
46 0 973
47 0 976
48 0 977
49 0 974
50 0 971
51 0 971
52 0 971
53 0 969
54 0 936
55 0 1056
56 0 973
57 0 973
58 0 971
59 0 964
60 0 951
61 0 955
62 0 952
63 0 946
0 1 964
1 1 972
2 1 1152
3 1 1055
4 1 1026
5 1 1011
6 1 1002
7 1 1000
8 1 997
9 1 987
10 1 998
11 1 1006
12 1 1002
13 1 1009
14 1 1007
15 1 1007
16 1 1013
17 1 1012
18 1 1005
19 1 1011
20 1 1012
21 1 1008
22 1 1014
23 1 1008
24 1 1018
25 1 1015
26 1 1009
27 1 1221
28 1 1233
29 1 1113
30 1 1064
31 1 1040
32 1 1026
33 1 1016
34 1 1008
35 1 1000
36 1 1000
37 1 999
38 1 1002
39 1 999
40 1 999
41 1 999
42 1 999
43 1 1141
44 1 1181
45 1 1075
46 1 1047
47 1 1031
48 1 1028
49 1 1024
50 1 1021
51 1 1014
52 1 1014
53 1 1006
54 1 1004
55 1 1002
56 1 998
57 1 996
58 1 996
59 1 993
60 1 985
61 1 983
62 1 975
63 1 976
0 2 998
1 2 1004
2 2 995
3 2 995
4 2 1007
5 2 1009
6 2 1003
7 2 1013
8 2 1018
9 2 1019
10 2 1027
11 2 1028
12 2 1032
13 2 1030
14 2 1024
15 2 1064
16 2 1037
17 2 1044
18 2 1038
19 2 1126
20 2 1073
21 2 1057
22 2 1049
23 2 1043
24 2 1040
25 2 1040
26 2 1030
27 2 1033
28 2 1027
29 2 1028
30 2 1028
31 2 1025
32 2 1033
33 2 1030
34 2 1046
35 2 1033
36 2 1029
37 2 1029
38 2 1026
39 2 1024
40 2 1026
41 2 1026
42 2 1022
43 2 1025
44 2 1201
45 2 1155
46 2 1097
47 2 1069
48 2 1035
49 2 1036
50 2 1033
51 2 1046
52 2 1028
53 2 1050
54 2 1032
55 2 1030
56 2 1032
57 2 1033
58 2 1025
59 2 1022
60 2 1023
61 2 1244
62 2 1263
63 2 1142
0 3 1023
1 3 1029
2 3 1040
3 3 1041
4 3 1044
5 3 1221
6 3 1139
7 3 1097
8 3 1064
9 3 1062
10 3 1061
11 3 1067
12 3 1069
13 3 1282
14 3 1232
15 3 1155
16 3 1084
17 3 1076
18 3 1079
19 3 1079
20 3 1070
21 3 1069
22 3 1247
23 3 1222
24 3 1099
25 3 1090
26 3 1077
27 3 1067
28 3 1086
29 3 1263
30 3 1243
31 3 1151
32 3 1080
33 3 1075
34 3 1071
35 3 1070
36 3 1067
37 3 1068
38 3 1066
39 3 1066
40 3 1061
41 3 1052
42 3 1061
43 3 1065
44 3 1063
45 3 1284
46 3 1244
47 3 1153
48 3 1084
49 3 1083
50 3 1075
51 3 1072
52 3 1068
53 3 1064
54 3 1069
55 3 1063
56 3 1067
57 3 1062
58 3 1060
59 3 1057
60 3 1065
61 3 1063
62 3 1057
63 3 1054
0 4 1072
1 4 1070
2 4 1076
3 4 1080
4 4 1084
5 4 1088
6 4 1078
7 4 1100
8 4 1093
9 4 1091
10 4 1094
11 4 1096
12 4 1102
13 4 1106
14 4 1109
15 4 1106
16 4 1101
17 4 1102
18 4 1103
19 4 1106
20 4 1109
21 4 1116
22 4 1107
23 4 1110
24 4 1110
25 4 1099
26 4 1102
27 4 1094
28 4 1110
29 4 1108
30 4 1151
31 4 1111
32 4 1092
33 4 1094
34 4 1098
35 4 1094
36 4 1095
37 4 1093
38 4 1093
39 4 1091
40 4 1097
41 4 1091
42 4 1091
43 4 1092
44 4 1094
45 4 1093
46 4 1094
47 4 1103
48 4 1106
49 4 1096
50 4 1100
51 4 1093
52 4 1115
53 4 1093
54 4 1099
55 4 1098
56 4 1093
57 4 1095
58 4 1096
59 4 1097
60 4 1094
61 4 1114
62 4 1079
63 4 1080
0 5 1099
1 5 1107
2 5 1109
3 5 1294
4 5 1198
5 5 1160
6 5 1142
7 5 1127
8 5 1255
9 5 1282
10 5 1197
11 5 1158
12 5 1147
13 5 1144
14 5 1133
15 5 1227
16 5 1145
17 5 1140
18 5 1137
19 5 1139
20 5 1136
21 5 1140
22 5 1084
23 5 1157
24 5 1137
25 5 1126
26 5 1120
27 5 1299
28 5 1177
29 5 1156
30 5 1142
31 5 1136
32 5 1129
33 5 1116
34 5 1115
35 5 1123
36 5 1126
37 5 1128
38 5 1126
39 5 1122
40 5 1124
41 5 1125
42 5 1122
43 5 1124
44 5 1123
45 5 1123
46 5 1124
47 5 1123
48 5 1131
49 5 1133
50 5 1127
51 5 1132
52 5 1130
53 5 1128
54 5 1155
55 5 1138
56 5 1211
57 5 1176
58 5 1159
59 5 1145
60 5 1130
61 5 1251
62 5 1171
63 5 1137
0 6 1130
1 6 1138
2 6 1137
3 6 1136
4 6 1143
5 6 1145
6 6 1145
7 6 1149
8 6 1372
9 6 1301
10 6 1226
11 6 1197
12 6 1183
13 6 1172
14 6 1172
15 6 1170
16 6 1177
17 6 1170
18 6 1167
19 6 1167
20 6 1169
21 6 1164
22 6 1162
23 6 1151
24 6 1148
25 6 1314
26 6 1247
27 6 1201
28 6 1179
29 6 1352
30 6 1256
31 6 1213
32 6 1168
33 6 1164
34 6 1152
35 6 1154
36 6 1155
37 6 1155
38 6 1153
39 6 1157
40 6 1153
41 6 1151
42 6 1150
43 6 1154
44 6 1154
45 6 1151
46 6 1155
47 6 1154
48 6 1156
49 6 1161
50 6 1157
51 6 1159
52 6 1153
53 6 1164
54 6 1160
55 6 1159
56 6 1155
57 6 1156
58 6 1147
59 6 1147
60 6 1143
61 6 1140
62 6 1141
63 6 1135
0 7 1141
1 7 1149
2 7 1148
3 7 1152
4 7 1154
5 7 1157
6 7 1159
7 7 1160
8 7 1161
9 7 1163
10 7 1189
11 7 1167
12 7 1163
13 7 1162
14 7 1164
15 7 1172
16 7 1350
17 7 1267
18 7 1219
19 7 1219
20 7 1196
21 7 1219
22 7 1211
23 7 1184
24 7 1163
25 7 1155
26 7 1302
27 7 1234
28 7 1201
29 7 1182
30 7 1161
31 7 1160
32 7 1158
33 7 1155
34 7 1158
35 7 1160
36 7 1159
37 7 1159
38 7 1157
39 7 1149
40 7 1152
41 7 1153
42 7 1174
43 7 1161
44 7 1160
45 7 1160
46 7 1156
47 7 1307
48 7 1369
49 7 1274
50 7 1228
51 7 1199
52 7 1182
53 7 1172
54 7 1162
55 7 1164
56 7 1162
57 7 1350
58 7 1272
59 7 1205
60 7 1165
61 7 1161
62 7 1146
63 7 1140
0 8 1159
1 8 1168
2 8 1174
3 8 1176
4 8 1173
5 8 1176
6 8 1175
7 8 1169
8 8 1269
9 8 1204
10 8 1197
11 8 1191
12 8 1185
13 8 1186
14 8 1184
15 8 1187
16 8 1196
17 8 1199
18 8 1200
19 8 1191
20 8 1184
21 8 1181
22 8 1177
23 8 1188
24 8 1182
25 8 1190
26 8 1176
27 8 1313
28 8 1212
29 8 1196
30 8 1186
31 8 1187
32 8 1185
33 8 1185
34 8 1183
35 8 1187
36 8 1187
37 8 1185
38 8 1187
39 8 1185
40 8 1187
41 8 1187
42 8 1186
43 8 1182
44 8 1182
45 8 1184
46 8 1186
47 8 1182
48 8 1180
49 8 1170
50 8 1182
51 8 1189
52 8 1190
53 8 1190
54 8 1189
55 8 1195
56 8 1373
57 8 1251
58 8 1216
59 8 1191
60 8 1181
61 8 1175
62 8 1169
63 8 1169
0 9 1185
1 9 1192
2 9 1198
3 9 1198
4 9 1203
5 9 1203
6 9 1205
7 9 1205
8 9 1206
9 9 1210
10 9 1208
11 9 1209
12 9 1207
13 9 1207
14 9 1392
15 9 1434
16 9 1249
17 9 1239
18 9 1232
19 9 1227
20 9 1214
21 9 1213
22 9 1207
23 9 1198
24 9 1192
25 9 1334
26 9 1240
27 9 1227
28 9 1214
29 9 1203
30 9 1205
31 9 1203
32 9 1193
33 9 1201
34 9 1202
35 9 1198
36 9 1203
37 9 1461
38 9 1412
39 9 1326
40 9 1223
41 9 1219
42 9 1211
43 9 1201
44 9 1199
45 9 1203
46 9 1205
47 9 1207
48 9 1205
49 9 1202
50 9 1203
51 9 1209
52 9 1205
53 9 1284
54 9 1240
55 9 1372
56 9 1258
57 9 1228
58 9 1211
59 9 1204
60 9 1199
61 9 1226
62 9 1194
63 9 1192
0 10 1199
1 10 1203
2 10 1218
3 10 1223
4 10 1229
5 10 1230
6 10 1235
7 10 1234
8 10 1233
9 10 1234
10 10 1231
11 10 1226
12 10 1233
13 10 1450
14 10 1316
15 10 1284
16 10 1246
17 10 1247
18 10 1249
19 10 1236
20 10 1236
21 10 1231
22 10 1233
23 10 1233
24 10 1227
25 10 1230
26 10 1235
27 10 1234
28 10 1232
29 10 1234
30 10 1233
31 10 1233
32 10 1229
33 10 1233
34 10 1241
35 10 1459
36 10 1376
37 10 1310
38 10 1278
39 10 1260
40 10 1244
41 10 1242
42 10 1237
43 10 1234
44 10 1233
45 10 1232
46 10 1236
47 10 1234
48 10 1232
49 10 1231
50 10 1235
51 10 1232
52 10 1240
53 10 1243
54 10 1238
55 10 1240
56 10 1238
57 10 1225
58 10 1229
59 10 1226
60 10 1216
61 10 1224
62 10 1273
63 10 1226
0 11 1247
1 11 1247
2 11 1256
3 11 1259
4 11 1265
5 11 1267
6 11 1266
7 11 1268
8 11 1269
9 11 1268
10 11 1270
11 11 1269
12 11 1272
13 11 1271
14 11 1271
15 11 1265
16 11 1269
17 11 1268
18 11 1267
19 11 1267
20 11 1269
21 11 1269
22 11 1330
23 11 1296
24 11 1270
25 11 1269
26 11 1262
27 11 1268
28 11 1269
29 11 1269
30 11 1264
31 11 1262
32 11 1270
33 11 1265
34 11 1259
35 11 1268
36 11 1267
37 11 1275
38 11 1271
39 11 1271
40 11 1271
41 11 1260
42 11 1269
43 11 1368
44 11 1291
45 11 1282
46 11 1276
47 11 1272
48 11 1266
49 11 1266
50 11 1265
51 11 1265
52 11 1266
53 11 1271
54 11 1269
55 11 1259
56 11 1254
57 11 1256
58 11 1255
59 11 1252
60 11 1252
61 11 1252
62 11 1246
63 11 1245
0 12 1275
1 12 1275
2 12 1281
3 12 1287
4 12 1290
5 12 1279
6 12 1286
7 12 1289
8 12 1291
9 12 1292
10 12 1292
11 12 1289
12 12 1294
13 12 1296
14 12 1294
15 12 1519
16 12 1621
17 12 1518
18 12 1418
19 12 1359
20 12 1331
21 12 1313
22 12 1294
23 12 1298
24 12 1298
25 12 1290
26 12 1289
27 12 1289
28 12 1288
29 12 1289
30 12 1282
31 12 1286
32 12 1286
33 12 1288
34 12 1285
35 12 1287
36 12 1288
37 12 1288
38 12 1289
39 12 1291
40 12 1291
41 12 1493
42 12 1549
43 12 1430
44 12 1368
45 12 1336
46 12 1316
47 12 1293
48 12 1285
49 12 1284
50 12 1282
51 12 1275
52 12 1280
53 12 1503
54 12 1522
55 12 1405
56 12 1301
57 12 1289
58 12 1283
59 12 1271
60 12 1336
61 12 1300
62 12 1428
63 12 1421
0 13 1294
1 13 1486
2 13 1359
3 13 1338
4 13 1323
5 13 1316
6 13 1336
7 13 1311
8 13 1307
9 13 1302
10 13 1302
11 13 1292
12 13 1297
13 13 1300
14 13 1299
15 13 1300
16 13 1483
17 13 1523
18 13 1412
19 13 1366
20 13 1327
21 13 1323
22 13 1319
23 13 1305
24 13 1292
25 13 1297
26 13 1298
27 13 1299
28 13 1516
29 13 1375
30 13 1336
31 13 1317
32 13 1386
33 13 1343
34 13 1349
35 13 1326
36 13 1313
37 13 1307
38 13 1304
39 13 1291
40 13 1294
41 13 1300
42 13 1297
43 13 1299
44 13 1299
45 13 1292
46 13 1487
47 13 1362
48 13 1310
49 13 1305
50 13 1301
51 13 1298
52 13 1298
53 13 1297
54 13 1518
55 13 1423
56 13 1301
57 13 1300
58 13 1284
59 13 1315
60 13 1298
61 13 1290
62 13 1289
63 13 1443
0 14 1313
1 14 1316
2 14 1315
3 14 1313
4 14 1311
5 14 1315
6 14 1312
7 14 1311
8 14 1314
9 14 1313
10 14 1487
11 14 1394
12 14 1357
13 14 1336
14 14 1327
15 14 1318
16 14 1320
17 14 1319
18 14 1473
19 14 1445
20 14 1376
21 14 1348
22 14 1331
23 14 1342
24 14 1308
25 14 1300
26 14 1305
27 14 1295
28 14 1509
29 14 1373
30 14 1342
31 14 1317
32 14 1306
33 14 1300
34 14 1310
35 14 1317
36 14 1317
37 14 1310
38 14 1308
39 14 1483
40 14 1863
41 14 1749
42 14 1646
43 14 1545
44 14 1446
45 14 1388
46 14 1350
47 14 1318
48 14 1299
49 14 1297
50 14 1296
51 14 1294
52 14 1291
53 14 1293
54 14 1283
55 14 1336
56 14 1283
57 14 1281
58 14 1283
59 14 1293
60 14 1286
61 14 1284
62 14 1278
63 14 1287
0 15 1314
1 15 1322
2 15 1320
3 15 1319
4 15 1317
5 15 1317
6 15 1317
7 15 1317
8 15 1318
9 15 1317
10 15 1319
11 15 1316
12 15 1314
13 15 1309
14 15 1315
15 15 1318
16 15 1317
17 15 1312
18 15 1317
19 15 1311
20 15 1320
21 15 1309
22 15 1311
23 15 1333
24 15 1307
25 15 1309
26 15 1306
27 15 1306
28 15 1308
29 15 1530
30 15 1395
31 15 1365
32 15 1353
33 15 1335
34 15 1336
35 15 1332
36 15 1331
37 15 1332
38 15 1317
39 15 1306
40 15 1388
41 15 1456
42 15 1382
43 15 1352
44 15 1332
45 15 1329
46 15 1322
47 15 1318
48 15 1310
49 15 1311
50 15 1312
51 15 1302
52 15 1307
53 15 1309
54 15 1338
55 15 1514
56 15 1501
57 15 1410
58 15 1364
59 15 1334
60 15 1319
61 15 1305
62 15 1308
63 15 1321
0 16 1495
1 16 1408
2 16 1395
3 16 1378
4 16 1370
5 16 1363
6 16 1361
7 16 1358
8 16 1344
9 16 1351
10 16 1355
11 16 1356
12 16 1347
13 16 1349
14 16 1349
15 16 1463
16 16 1829
17 16 1741
18 16 1638
19 16 1536
20 16 1455
21 16 1637
22 16 1586
23 16 1473
24 16 1378
25 16 1480
26 16 1529
27 16 1435
28 16 1400
29 16 1389
30 16 1366
31 16 1356
32 16 1365
33 16 1369
34 16 1366
35 16 1372
36 16 1370
37 16 1373
38 16 1372
39 16 1368
40 16 1360
41 16 1361
42 16 1361
43 16 1362
44 16 1356
45 16 1356
46 16 1357
47 16 1360
48 16 1357
49 16 1608
50 16 1574
51 16 1464
52 16 1415
53 16 1386
54 16 1376
55 16 1367
56 16 1520
57 16 1553
58 16 1449
59 16 1415
60 16 1383
61 16 1367
62 16 1357
63 16 1517
