0 0 -446
1 0 -433
2 0 -419
3 0 -412
4 0 -411
5 0 -402
6 0 -263
7 0 -209
8 0 -47
9 0 33
10 0 24
11 0 -3
12 0 25
13 0 -17
14 0 29
15 0 16
16 0 8
17 0 22
18 0 19
19 0 20
20 0 30
21 0 14
22 0 -1
23 0 2
24 0 4
25 0 9
26 0 11
27 0 26
28 0 13
29 0 15
30 0 42
31 0 4
32 0 0
33 0 10
34 0 -5
35 0 33
36 0 15
37 0 1
38 0 9
39 0 24
40 0 980
41 0 -285
42 0 -229
43 0 -175
44 0 -104
45 0 -43
46 0 9
47 0 9
48 0 12
49 0 0
50 0 15
51 0 -7
52 0 3
53 0 7
54 0 -192
55 0 14
56 0 -46
57 0 1
58 0 0
59 0 -16
60 0 -62
61 0 9
62 0 -5
63 0 -18
0 1 77
1 1 56
2 1 991
3 1 -215
4 1 -106
5 1 -49
6 1 -22
7 1 -2
8 1 5
9 1 -37
10 1 46
11 1 40
12 1 -14
13 1 23
14 1 16
15 1 25
16 1 22
17 1 13
18 1 -10
19 1 6
20 1 19
21 1 -10
22 1 22
23 1 -11
24 1 15
25 1 -5
26 1 -15
27 1 976
28 1 256
29 1 -344
30 1 -185
31 1 -88
32 1 5
33 1 -24
34 1 -9
35 1 -3
36 1 18
37 1 1
38 1 20
39 1 9
40 1 6
41 1 11
42 1 16
43 1 1039
44 1 334
45 1 -250
46 1 -104
47 1 -61
48 1 110
49 1 -106
50 1 -36
51 1 -17
52 1 33
53 1 11
54 1 7
55 1 13
56 1 13
57 1 1
58 1 11
59 1 -7
60 1 -18
61 1 3
62 1 -7
63 1 22
0 2 20
1 2 47
2 2 -31
3 2 -43
4 2 -6
5 2 27
6 2 -2
7 2 41
8 2 16
9 2 17
10 2 50
11 2 21
12 2 25
13 2 19
14 2 -24
15 2 253
16 2 -9
17 2 -35
18 2 -50
19 2 130
20 2 -96
21 2 -51
22 2 -25
23 2 -28
24 2 9
25 2 8
26 2 -29
27 2 5
28 2 -19
29 2 12
30 2 12
31 2 7
32 2 30
33 2 0
34 2 110
35 2 -2
36 2 -5
37 2 17
38 2 7
39 2 -2
40 2 16
41 2 17
42 2 -1
43 2 14
44 2 1002
45 2 -154
46 2 -169
47 2 -106
48 2 -33
49 2 14
50 2 4
51 2 121
52 2 -6
53 2 158
54 2 7
55 2 -4
56 2 -56
57 2 1
58 2 -4
59 2 13
60 2 17
61 2 963
62 2 192
63 2 -359
0 3 58
1 3 40
2 3 53
3 3 33
4 3 31
5 3 974
6 3 -164
7 3 -125
8 3 -22
9 3 0
10 3 13
11 3 42
12 3 20
13 3 980
14 3 -156
15 3 -214
16 3 -80
17 3 -71
18 3 -4
19 3 14
20 3 -50
21 3 -24
22 3 974
23 3 -78
24 3 -83
25 3 -36
26 3 -19
27 3 -26
28 3 -87
29 3 989
30 3 -52
31 3 -272
32 3 -43
33 3 -14
34 3 -1
35 3 6
36 3 -4
37 3 13
38 3 13
39 3 13
40 3 -11
41 3 -22
42 3 31
43 3 26
44 3 9
45 3 958
46 3 15
47 3 -250
48 3 -45
49 3 6
50 3 -28
51 3 -16
52 3 -3
53 3 -11
54 3 29
55 3 -32
56 3 10
57 3 -10
58 3 -12
59 3 -22
60 3 29
61 3 2
62 3 -18
63 3 -7
0 4 66
1 4 -6
2 4 26
3 4 25
4 4 22
5 4 26
6 4 -44
7 4 -20
8 4 7
9 4 24
10 4 21
11 4 23
12 4 34
13 4 21
14 4 14
15 4 17
16 4 -32
17 4 -8
18 4 5
19 4 27
20 4 23
21 4 69
22 4 -3
23 4 7
24 4 4
25 4 -27
26 4 12
27 4 -3
28 4 -54
29 4 6
30 4 344
31 4 -25
32 4 -37
33 4 15
34 4 21
35 4 -1
36 4 11
37 4 0
38 4 12
39 4 9
40 4 103
41 4 29
42 4 15
43 4 12
44 4 25
45 4 10
46 4 13
47 4 44
48 4 15
49 4 -30
50 4 12
51 4 -34
52 4 125
53 4 -12
54 4 20
55 4 11
56 4 -3
57 4 24
58 4 12
59 4 12
60 4 8
61 4 168
62 4 -23
63 4 7
0 5 55
1 5 47
2 5 29
3 5 980
4 5 -275
5 5 -147
6 5 -75
7 5 -59
8 5 1045
9 5 44
10 5 -213
11 5 -162
12 5 -50
13 5 -5
14 5 -53
15 5 270
16 5 -13
17 5 -37
18 5 -1
19 5 14
20 5 11
21 5 24
22 5 -366
23 5 -59
24 5 -29
25 5 -48
26 5 -21
27 5 1018
28 5 -206
29 5 -79
30 5 -41
31 5 -20
32 5 4
33 5 -63
34 5 -38
35 5 30
36 5 21
37 5 33
38 5 20
39 5 9
40 5 24
41 5 13
42 5 -1
43 5 17
44 5 6
45 5 3
46 5 10
47 5 19
48 5 39
49 5 37
50 5 -3
51 5 21
52 5 5
53 5 -23
54 5 147
55 5 -1
56 5 -252
57 5 -144
58 5 -83
59 5 -50
60 5 -46
61 5 942
62 5 -201
63 5 -131
0 6 64
1 6 49
2 6 6
3 6 16
4 6 26
5 6 36
6 6 24
7 6 41
8 6 987
9 6 -159
10 6 -222
11 6 -109
12 6 -55
13 6 -36
14 6 4
15 6 -1
16 6 87
17 6 -8
18 6 -5
19 6 -24
20 6 9
21 6 -15
22 6 33
23 6 -50
24 6 -48
25 6 1041
26 6 -130
27 6 -118
28 6 -103
29 6 602
30 6 -309
31 6 -163
32 6 -31
33 6 -20
34 6 -37
35 6 13
36 6 13
37 6 14
38 6 5
39 6 21
40 6 8
41 6 23
42 6 12
43 6 25
44 6 11
45 6 16
46 6 22
47 6 11
48 6 18
49 6 28
50 6 -15
51 6 4
52 6 -19
53 6 40
54 6 -19
55 6 11
56 6 12
57 6 21
58 6 -23
59 6 -6
60 6 12
61 6 -45
62 6 8
63 6 0
0 7 71
1 7 48
2 7 15
3 7 21
4 7 19
5 7 22
6 7 29
7 7 18
8 7 14
9 7 20
10 7 350
11 7 -7
12 7 -7
13 7 12
14 7 11
15 7 34
16 7 1012
17 7 -142
18 7 -146
19 7 -4
20 7 -36
21 7 81
22 7 45
23 7 -93
24 7 18
25 7 -9
26 7 168
27 7 -279
28 7 -164
29 7 -66
30 7 -85
31 7 7
32 7 3
33 7 -1
34 7 10
35 7 21
36 7 18
37 7 15
38 7 6
39 7 -21
40 7 13
41 7 10
42 7 160
43 7 23
44 7 0
45 7 12
46 7 5
47 7 1042
48 7 -346
49 7 -356
50 7 -184
51 7 -95
52 7 -75
53 7 -32
54 7 -44
55 7 6
56 7 17
57 7 997
58 7 -182
59 7 -191
60 7 -175
61 7 -50
62 7 -34
63 7 -18
0 8 53
1 8 56
2 8 47
3 8 13
4 8 0
5 8 19
6 8 6
7 8 -22
8 8 341
9 8 -83
10 8 -41
11 8 -17
12 8 -3
13 8 22
14 8 13
15 8 22
16 8 34
17 8 34
18 8 12
19 8 -47
20 8 57
21 8 14
22 8 -23
23 8 37
24 8 -8
25 8 88
26 8 -19
27 8 1042
28 8 -110
29 8 -45
30 8 -37
31 8 23
32 8 22
33 8 12
34 8 6
35 8 21
36 8 2
37 8 -7
38 8 17
39 8 21
40 8 22
41 8 18
42 8 14
43 8 -10
44 8 2
45 8 10
46 8 24
47 8 5
48 8 10
49 8 -23
50 8 27
51 8 22
52 8 29
53 8 33
54 8 12
55 8 30
56 8 1012
57 8 -246
58 8 -136
59 8 -103
60 8 -36
61 8 -18
62 8 -16
63 8 13
0 9 45
1 9 55
2 9 34
3 9 14
4 9 23
5 9 19
6 9 16
7 9 7
8 9 3
9 9 20
10 9 13
11 9 20
12 9 2
13 9 13
14 9 986
15 9 104
16 9 -89
17 9 -38
18 9 -22
19 9 -6
20 9 -48
21 9 4
22 9 -3
23 9 -21
24 9 -27
25 9 1043
26 9 -171
27 9 -79
28 9 -41
29 9 -49
30 9 11
31 9 14
32 9 -23
33 9 12
34 9 24
35 9 -1
36 9 42
37 9 911
38 9 -96
39 9 -352
40 9 -102
41 9 -15
42 9 -14
43 9 -58
44 9 -28
45 9 16
46 9 16
47 9 16
48 9 1
49 9 26
50 9 16
51 9 38
52 9 -23
53 9 108
54 9 -53
55 9 1046
56 9 -145
57 9 -103
58 9 -54
59 9 -19
60 9 -30
61 9 183
62 9 -47
63 9 -1
0 10 29
1 10 17
2 10 58
3 10 22
4 10 20
5 10 25
6 10 21
7 10 13
8 10 18
9 10 10
10 10 -3
11 10 -21
12 10 30
13 10 980
14 10 -263
15 10 -125
16 10 -18
17 10 9
18 10 24
19 10 -33
20 10 6
21 10 8
22 10 19
23 10 13
24 10 -21
25 10 16
26 10 34
27 10 15
28 10 9
29 10 17
30 10 5
31 10 21
32 10 19
33 10 4
34 10 -2
35 10 985
36 10 -252
37 10 -215
38 10 -123
39 10 -71
40 10 -7
41 10 7
42 10 15
43 10 19
44 10 13
45 10 14
46 10 23
47 10 10
48 10 2
49 10 7
50 10 45
51 10 3
52 10 41
53 10 36
54 10 8
55 10 14
56 10 -15
57 10 -31
58 10 12
59 10 0
60 10 -37
61 10 25
62 10 367
63 10 -14
0 11 61
1 11 29
2 11 35
3 11 20
4 11 30
5 11 22
6 11 14
7 11 21
8 11 14
9 11 18
10 11 19
11 11 13
12 11 27
13 11 12
14 11 17
15 11 -4
16 11 42
17 11 4
18 11 9
19 11 22
20 11 28
21 11 10
22 11 -23
23 11 -68
24 11 -5
25 11 -2
26 11 -29
27 11 17
28 11 20
29 11 11
30 11 -1
31 11 -5
32 11 55
33 11 11
34 11 -9
35 11 27
36 11 17
37 11 61
38 11 23
39 11 22
40 11 12
41 11 -59
42 11 21
43 11 577
44 11 -66
45 11 -25
46 11 -14
47 11 -16
48 11 4
49 11 11
50 11 2
51 11 6
52 11 16
53 11 26
54 11 -9
55 11 -30
56 11 35
57 11 25
58 11 12
59 11 15
60 11 15
61 11 20
62 11 -37
63 11 -3
0 12 51
1 12 20
2 12 37
3 12 32
4 12 47
5 12 -14
6 12 39
7 12 30
8 12 19
9 12 24
10 12 17
11 12 6
12 12 21
13 12 33
14 12 7
15 12 981
16 12 -403
17 12 -407
18 12 -392
19 12 -244
20 12 -163
21 12 -71
22 12 -75
23 12 -2
24 12 -5
25 12 -17
26 12 11
27 12 4
28 12 -4
29 12 20
30 12 -17
31 12 35
32 12 19
33 12 23
34 12 14
35 12 33
36 12 34
37 12 21
38 12 6
39 12 13
40 12 14
41 12 1006
42 12 147
43 12 -366
44 12 -229
45 12 -130
46 12 -63
47 12 -92
48 12 31
49 12 19
50 12 1
51 12 -13
52 12 27
53 12 985
54 12 45
55 12 -376
56 12 -104
57 12 -39
58 12 -11
59 12 -43
60 12 -78
61 12 -108
62 12 1029
63 12 144
0 13 80
1 13 987
2 13 -201
3 13 -88
4 13 -58
5 13 -21
6 13 185
7 13 -30
8 13 5
9 13 18
10 13 3
11 13 -15
12 13 34
13 13 37
14 13 14
15 13 27
16 13 1010
17 13 89
18 13 -332
19 13 -180
20 13 -166
21 13 -31
22 13 41
23 13 -6
24 13 7
25 13 38
26 13 15
27 13 0
28 13 938
29 13 -275
30 13 -164
31 13 -115
32 13 -285
33 13 -195
34 13 32
35 13 -35
36 13 -35
37 13 -5
38 13 -3
39 13 -58
40 13 30
41 13 44
42 13 4
43 13 14
44 13 14
45 13 -8
46 13 987
47 13 -188
48 13 -33
49 13 -19
50 13 -3
51 13 -2
52 13 4
53 13 6
54 13 953
55 13 -168
56 13 -102
57 13 -29
58 13 -55
59 13 35
60 13 -10
61 13 -32
62 13 10
63 13 587
0 14 51
1 14 23
2 14 5
3 14 13
4 14 13
5 14 20
6 14 15
7 14 14
8 14 32
9 14 19
10 14 969
11 14 -249
12 14 -145
13 14 -76
14 14 -31
15 14 -30
16 14 91
17 14 -69
18 14 1045
19 14 -21
20 14 -175
21 14 -125
22 14 -80
23 14 -16
24 14 7
25 14 -31
26 14 23
27 14 -23
28 14 982
29 14 -283
30 14 -142
31 14 -105
32 14 -25
33 14 -14
34 14 53
35 14 41
36 14 13
37 14 -11
38 14 -8
39 14 972
40 14 72
41 14 -373
42 14 -400
43 14 -395
44 14 -393
45 14 -290
46 14 -142
47 14 -135
48 14 13
49 14 9
50 14 5
51 14 7
52 14 -10
53 14 31
54 14 -44
55 14 225
56 14 -20
57 14 -9
58 14 -13
59 14 -10
60 14 -11
61 14 13
62 14 -11
63 14 2
0 15 62
1 15 51
2 15 5
3 15 5
4 15 4
5 15 8
6 15 11
7 15 4
8 15 30
9 15 17
10 15 11
11 15 4
12 15 8
13 15 -15
14 15 25
15 15 21
16 15 16
17 15 -4
18 15 32
19 15 -10
20 15 41
21 15 -42
22 15 5
23 15 106
24 15 -30
25 15 3
26 15 -1
27 15 1
28 15 16
29 15 964
30 15 -250
31 15 -98
32 15 54
33 15 -11
34 15 3
35 15 8
36 15 14
37 15 11
38 15 -44
39 15 -68
40 15 595
41 15 27
42 15 -182
43 15 -117
44 15 -83
45 15 -16
46 15 -12
47 15 -7
48 15 11
49 15 12
50 15 25
51 15 -38
52 15 20
53 15 23
54 15 222
55 15 991
56 15 -387
57 15 -330
58 15 -171
59 15 -101
60 15 -80
61 15 -74
62 15 -38
63 15 -51
0 16 1039
1 16 -164
2 16 -52
3 16 -55
4 16 -38
5 16 -17
6 16 3
7 16 -7
8 16 -37
9 16 19
10 16 20
11 16 11
12 16 -7
13 16 12
14 16 -16
15 16 848
16 16 -179
17 16 -380
18 16 -392
19 16 -404
20 16 -292
21 16 991
22 16 -41
23 16 -373
24 16 -54
25 16 792
26 16 58
27 16 -255
28 16 -138
29 16 -26
30 16 -69
31 16 -50
32 16 41
33 16 31
34 16 -10
35 16 -10
36 16 5
37 16 15
38 16 8
39 16 1
40 16 -9
41 16 9
42 16 5
43 16 17
44 16 16
45 16 25
46 16 25
47 16 20
48 16 -6
49 16 904
50 16 -67
51 16 -370
52 16 -202
53 16 -114
54 16 -55
55 16 -31
56 16 1034
57 16 67
58 16 -295
59 16 -179
60 16 -126
61 16 -56
62 16 -10
63 16 1026
