63 0 950
62 0 953
61 0 956
60 0 959
59 0 964
58 0 969
57 0 966
56 0 980
55 0 968
54 0 964
53 0 969
52 0 965
51 0 971
50 0 973
49 0 971
48 0 979
47 0 981
46 0 1172
45 0 1031
44 0 1002
43 0 988
42 0 1209
41 0 1026
40 0 998
39 0 974
38 0 972
37 0 970
36 0 972
35 0 973
34 0 973
33 0 980
32 0 989
31 0 985
30 0 978
29 0 975
28 0 976
27 0 974
26 0 975
25 0 1153
24 0 1052
23 0 1002
22 0 993
21 0 985
20 0 987
19 0 986
18 0 982
17 0 979
16 0 997
15 0 981
14 0 982
13 0 994
12 0 985
11 0 984
10 0 972
9 0 959
8 0 964
7 0 1137
6 0 1046
5 0 1020
4 0 989
3 0 976
2 0 967
1 0 960
0 0 950
63 1 977
62 1 966
61 1 972
60 1 972
59 1 981
58 1 986
57 1 988
56 1 986
55 1 996
54 1 995
53 1 995
52 1 1056
51 1 1029
50 1 1021
49 1 1016
48 1 1008
47 1 1057
46 1 1033
45 1 1013
44 1 1002
43 1 1162
42 1 1088
41 1 1049
40 1 1027
39 1 1001
38 1 1001
37 1 999
36 1 999
35 1 994
34 1 997
33 1 1004
32 1 1012
31 1 1009
30 1 1005
29 1 1001
28 1 997
27 1 1176
26 1 1211
25 1 1106
24 1 1068
23 1 1020
22 1 1021
21 1 1015
20 1 1013
19 1 1004
18 1 1006
17 1 1001
16 1 1007
15 1 1006
14 1 1007
13 1 1003
12 1 1006
11 1 1006
10 1 1002
9 1 1045
8 1 1074
7 1 1007
6 1 998
5 1 993
4 1 983
3 1 975
2 1 1143
1 1 1112
0 1 1032
63 2 1020
62 2 1016
61 2 1013
60 2 1019
59 2 1018
58 2 1021
57 2 1023
56 2 1026
55 2 1021
54 2 1029
53 2 1027
52 2 1040
51 2 1031
50 2 1034
49 2 1031
48 2 1033
47 2 1032
46 2 1037
45 2 1023
44 2 1248
43 2 1168
42 2 1094
41 2 1067
40 2 1048
39 2 1032
38 2 1024
37 2 1030
36 2 1026
35 2 1031
34 2 1024
33 2 1028
32 2 1037
31 2 1033
30 2 1032
29 2 1032
28 2 1031
27 2 1033
26 2 1024
25 2 1038
24 2 1041
23 2 1036
22 2 1043
21 2 1041
20 2 1054
19 2 1047
18 2 1047
17 2 1052
16 2 1222
15 2 1110
14 2 1074
13 2 1061
12 2 1053
11 2 1048
10 2 1039
9 2 1034
8 2 1030
7 2 1028
6 2 1021
5 2 1021
4 2 1033
3 2 1022
2 2 1017
1 2 1012
0 2 1014
63 3 1047
62 3 1047
61 3 1051
60 3 1058
59 3 1059
58 3 1063
57 3 1063
56 3 1066
55 3 1062
54 3 1068
53 3 1070
52 3 1071
51 3 1070
50 3 1086
49 3 1085
48 3 1081
47 3 1076
46 3 1080
45 3 1254
44 3 1132
43 3 1104
42 3 1088
41 3 1078
40 3 1071
39 3 1068
38 3 1068
37 3 1069
36 3 1069
35 3 1068
34 3 1069
33 3 1069
32 3 1070
31 3 1058
30 3 1058
29 3 1249
28 3 1242
27 3 1148
26 3 1113
25 3 1099
24 3 1174
23 3 1314
22 3 1211
21 3 1153
20 3 1125
19 3 1105
18 3 1097
17 3 1084
16 3 1086
15 3 1084
14 3 1080
13 3 1078
12 3 1081
11 3 1081
10 3 1075
9 3 1067
8 3 1068
7 3 1061
6 3 1052
5 3 1053
4 3 1093
3 3 1071
2 3 1069
1 3 1057
0 3 1056
63 4 1079
62 4 1088
61 4 1261
60 4 1266
59 4 1175
58 4 1143
57 4 1121
56 4 1103
55 4 1093
54 4 1096
53 4 1096
52 4 1099
51 4 1100
50 4 1099
49 4 1101
48 4 1100
47 4 1107
46 4 1100
45 4 1097
44 4 1097
43 4 1096
42 4 1088
41 4 1093
40 4 1085
39 4 1085
38 4 1089
37 4 1250
36 4 1160
35 4 1134
34 4 1123
33 4 1110
32 4 1102
31 4 1099
30 4 1098
29 4 1099
28 4 1088
27 4 1091
26 4 1092
25 4 1085
24 4 1099
23 4 1110
22 4 1111
21 4 1108
20 4 1108
19 4 1101
18 4 1167
17 4 1135
16 4 1120
15 4 1107
14 4 1100
13 4 1109
12 4 1108
11 4 1102
10 4 1101
9 4 1098
8 4 1092
7 4 1095
6 4 1089
5 4 1094
4 4 1093
3 4 1090
2 4 1087
1 4 1081
0 4 1083
63 5 1139
62 5 1112
61 5 1242
60 5 1153
59 5 1144
58 5 1139
57 5 1132
56 5 1132
55 5 1132
54 5 1132
53 5 1131
52 5 1131
51 5 1133
50 5 1130
49 5 1134
48 5 1139
47 5 1133
46 5 1130
45 5 1130
44 5 1128
43 5 1128
42 5 1124
41 5 1128
40 5 1127
39 5 1122
38 5 1119
37 5 1124
36 5 1128
35 5 1126
34 5 1126
33 5 1129
32 5 1130
31 5 1130
30 5 1129
29 5 1127
28 5 1125
27 5 1131
26 5 1128
25 5 1141
24 5 1129
23 5 1136
22 5 1283
21 5 1262
20 5 1193
19 5 1173
18 5 1156
17 5 1150
16 5 1148
15 5 1139
14 5 1139
13 5 1141
12 5 1135
11 5 1129
10 5 1130
9 5 1130
8 5 1304
7 5 1277
6 5 1206
5 5 1159
4 5 1149
3 5 1127
2 5 1127
1 5 1125
0 5 1119
63 6 1135
62 6 1132
61 6 1124
60 6 1132
59 6 1136
58 6 1144
57 6 1148
56 6 1148
55 6 1152
54 6 1141
53 6 1150
52 6 1214
51 6 1184
50 6 1207
49 6 1188
48 6 1170
47 6 1151
46 6 1151
45 6 1147
44 6 1148
43 6 1137
42 6 1140
41 6 1131
40 6 1143
39 6 1169
38 6 1192
37 6 1173
36 6 1160
35 6 1155
34 6 1147
33 6 1151
32 6 1148
31 6 1145
30 6 1145
29 6 1142
28 6 1134
27 6 1142
26 6 1140
25 6 1353
24 6 1247
23 6 1346
22 6 1354
21 6 1248
20 6 1210
19 6 1185
18 6 1172
17 6 1166
16 6 1153
15 6 1181
14 6 1171
13 6 1156
12 6 1151
11 6 1133
10 6 1142
9 6 1327
8 6 1216
7 6 1191
6 6 1166
5 6 1148
4 6 1136
3 6 1133
2 6 1127
1 6 1128
0 6 1125
63 7 1308
62 7 1227
61 7 1188
60 7 1164
59 7 1146
58 7 1152
57 7 1151
56 7 1191
55 7 1173
54 7 1170
53 7 1168
52 7 1168
51 7 1166
50 7 1168
49 7 1163
48 7 1160
47 7 1336
46 7 1327
45 7 1236
44 7 1205
43 7 1187
42 7 1170
41 7 1166
40 7 1159
39 7 1149
38 7 1151
37 7 1155
36 7 1154
35 7 1156
34 7 1156
33 7 1154
32 7 1153
31 7 1149
30 7 1148
29 7 1151
28 7 1146
27 7 1147
26 7 1151
25 7 1150
24 7 1154
23 7 1148
22 7 1144
21 7 1158
20 7 1384
19 7 1315
18 7 1241
17 7 1207
16 7 1193
15 7 1174
14 7 1166
13 7 1161
12 7 1157
11 7 1157
10 7 1188
9 7 1165
8 7 1162
7 7 1158
6 7 1156
5 7 1155
4 7 1154
3 7 1153
2 7 1149
1 7 1150
0 7 1149
63 8 1164
62 8 1163
61 8 1167
60 8 1345
59 8 1263
58 8 1215
57 8 1205
56 8 1381
55 8 1261
54 8 1226
53 8 1206
52 8 1198
51 8 1195
50 8 1195
49 8 1187
48 8 1183
47 8 1178
46 8 1179
45 8 1182
44 8 1184
43 8 1183
42 8 1186
41 8 1185
40 8 1184
39 8 1176
38 8 1182
37 8 1183
36 8 1186
35 8 1185
34 8 1184
33 8 1182
32 8 1186
31 8 1182
30 8 1178
29 8 1178
28 8 1184
27 8 1181
26 8 1176
25 8 1204
24 8 1276
23 8 1245
22 8 1212
21 8 1199
20 8 1200
19 8 1199
18 8 1200
17 8 1218
16 8 1199
15 8 1194
14 8 1186
13 8 1177
12 8 1180
11 8 1172
10 8 1180
9 8 1179
8 8 1179
7 8 1179
6 8 1404
5 8 1261
4 8 1224
3 8 1207
2 8 1193
1 8 1184
0 8 1180
63 9 1195
62 9 1189
61 9 1191
60 9 1189
59 9 1186
58 9 1182
57 9 1187
56 9 1197
55 9 1381
54 9 1297
53 9 1262
52 9 1242
51 9 1234
50 9 1223
49 9 1215
48 9 1203
47 9 1202
46 9 1206
45 9 1204
44 9 1202
43 9 1207
42 9 1208
41 9 1207
40 9 1209
39 9 1209
38 9 1209
37 9 1198
36 9 1202
35 9 1204
34 9 1397
33 9 1459
32 9 1341
31 9 1232
30 9 1218
29 9 1216
28 9 1209
27 9 1207
26 9 1214
25 9 1209
24 9 1208
23 9 1262
22 9 1237
21 9 1218
20 9 1216
19 9 1221
18 9 1419
17 9 1432
16 9 1321
15 9 1237
14 9 1225
13 9 1217
12 9 1211
11 9 1212
10 9 1207
9 9 1210
8 9 1210
7 9 1208
6 9 1209
5 9 1207
4 9 1208
3 9 1204
2 9 1204
1 9 1202
0 9 1192
63 10 1214
62 10 1218
61 10 1221
60 10 1223
59 10 1224
58 10 1221
57 10 1224
56 10 1221
55 10 1242
54 10 1424
53 10 1408
52 10 1334
51 10 1291
50 10 1261
49 10 1251
48 10 1245
47 10 1239
46 10 1240
45 10 1239
44 10 1240
43 10 1232
42 10 1240
41 10 1241
40 10 1241
39 10 1241
38 10 1241
37 10 1242
36 10 1240
35 10 1274
34 10 1295
33 10 1268
32 10 1254
31 10 1242
30 10 1241
29 10 1240
28 10 1235
27 10 1239
26 10 1237
25 10 1240
24 10 1240
23 10 1241
22 10 1235
21 10 1239
20 10 1239
19 10 1239
18 10 1250
17 10 1250
16 10 1247
15 10 1246
14 10 1242
13 10 1233
12 10 1236
11 10 1238
10 10 1237
9 10 1240
8 10 1243
7 10 1242
6 10 1244
5 10 1243
4 10 1240
3 10 1240
2 10 1240
1 10 1232
0 10 1231
63 11 1244
62 11 1249
61 11 1249
60 11 1250
59 11 1248
58 11 1264
57 11 1262
56 11 1254
55 11 1252
54 11 1261
53 11 1267
52 11 1266
51 11 1266
50 11 1264
49 11 1263
48 11 1268
47 11 1266
46 11 1268
45 11 1268
44 11 1266
43 11 1267
42 11 1269
41 11 1266
40 11 1269
39 11 1271
38 11 1270
37 11 1265
36 11 1260
35 11 1267
34 11 1265
33 11 1266
32 11 1263
31 11 1255
30 11 1257
29 11 1260
28 11 1264
27 11 1266
26 11 1263
25 11 1359
24 11 1289
23 11 1269
22 11 1270
21 11 1488
20 11 1360
19 11 1316
18 11 1296
17 11 1282
16 11 1278
15 11 1268
14 11 1270
13 11 1269
12 11 1270
11 11 1268
10 11 1266
9 11 1263
8 11 1267
7 11 1265
6 11 1266
5 11 1263
4 11 1265
3 11 1255
2 11 1263
1 11 1258
0 11 1261
63 12 1284
62 12 1274
61 12 1356
60 12 1312
59 12 1295
58 12 1291
57 12 1289
56 12 1276
55 12 1348
54 12 1308
53 12 1233
52 12 1386
51 12 1330
50 12 1310
49 12 1299
48 12 1517
47 12 1330
46 12 1311
45 12 1300
44 12 1292
43 12 1291
42 12 1289
41 12 1287
40 12 1399
39 12 1299
38 12 1292
37 12 1289
36 12 1275
35 12 1289
34 12 1282
33 12 1289
32 12 1289
31 12 1302
30 12 1287
29 12 1280
28 12 1282
27 12 1283
26 12 1276
25 12 1280
24 12 1276
23 12 1275
22 12 1282
21 12 1272
20 12 1272
19 12 1288
18 12 1459
17 12 1443
16 12 1361
15 12 1293
14 12 1292
13 12 1287
12 12 1283
11 12 1277
10 12 1279
9 12 1278
8 12 1278
7 12 1270
6 12 1276
5 12 1273
4 12 1265
3 12 1272
2 12 1272
1 12 1265
0 12 1273
63 13 1304
62 13 1297
61 13 1289
60 13 1288
59 13 1272
58 13 1287
57 13 1288
56 13 1282
55 13 1295
54 13 1284
53 13 1289
52 13 1292
51 13 1291
50 13 1291
49 13 1292
48 13 1296
47 13 1299
46 13 1456
45 13 1361
44 13 1339
43 13 1318
42 13 1308
41 13 1303
40 13 1301
39 13 1289
38 13 1295
37 13 1293
36 13 1297
35 13 1302
34 13 1302
33 13 1362
32 13 1303
31 13 1292
30 13 1288
29 13 1292
28 13 1248
27 13 1397
26 13 1351
25 13 1316
24 13 1317
23 13 1293
22 13 1480
21 13 1421
20 13 1350
19 13 1325
18 13 1394
17 13 1355
16 13 1520
15 13 1537
14 13 1436
13 13 1370
12 13 1336
11 13 1311
10 13 1497
9 13 1392
8 13 1345
7 13 1300
6 13 1291
5 13 1292
4 13 1288
3 13 1288
2 13 1277
1 13 1295
0 13 1314
63 14 1295
62 14 1284
61 14 1299
60 14 1276
59 14 1283
58 14 1280
57 14 1283
56 14 1282
55 14 1282
54 14 1288
53 14 1291
52 14 1287
51 14 1289
50 14 1288
49 14 1292
48 14 1297
47 14 1298
46 14 1297
45 14 1296
44 14 1293
43 14 1294
42 14 1291
41 14 1287
40 14 1285
39 14 1480
38 14 1385
37 14 1344
36 14 1333
35 14 1324
34 14 1317
33 14 1302
32 14 1291
31 14 1296
30 14 1285
29 14 1282
28 14 1288
27 14 1283
26 14 1284
25 14 1291
24 14 1283
23 14 1286
22 14 1282
21 14 1277
20 14 1290
19 14 1517
18 14 1498
17 14 1395
16 14 1350
15 14 1300
14 14 1299
13 14 1295
12 14 1293
11 14 1292
10 14 1288
9 14 1290
8 14 1294
7 14 1286
6 14 1292
5 14 1293
4 14 1291
3 14 1287
2 14 1289
1 14 1292
0 14 1297
63 15 1491
62 15 1400
61 15 1392
60 15 1339
59 15 1323
58 15 1314
57 15 1318
56 15 1309
55 15 1486
54 15 1360
53 15 1345
52 15 1332
51 15 1317
50 15 1317
49 15 1316
48 15 1317
47 15 1319
46 15 1318
45 15 1323
44 15 1321
43 15 1319
42 15 1321
41 15 1316
40 15 1318
39 15 1319
38 15 1316
37 15 1326
36 15 1333
35 15 1326
34 15 1335
33 15 1336
32 15 1561
31 15 1383
30 15 1353
29 15 1334
28 15 1346
27 15 1337
26 15 1362
25 15 1348
24 15 1339
23 15 1320
22 15 1324
21 15 1399
20 15 1353
19 15 1341
18 15 1337
17 15 1328
16 15 1327
15 15 1325
14 15 1316
13 15 1329
12 15 1316
11 15 1321
10 15 1324
9 15 1323
8 15 1327
7 15 1551
6 15 1401
5 15 1370
4 15 1352
3 15 1343
2 15 1338
1 15 1339
0 15 1335
63 16 1397
62 16 1372
61 16 1355
60 16 1354
59 16 1352
58 16 1347
57 16 1572
56 16 1456
55 16 1377
54 16 1369
53 16 1358
52 16 1362
51 16 1360
50 16 1351
49 16 1356
48 16 1577
47 16 1525
46 16 1461
45 16 1413
44 16 1394
43 16 1382
42 16 1376
41 16 1371
40 16 1369
39 16 1365
38 16 1371
37 16 1378
36 16 1510
35 16 1471
34 16 1440
33 16 1410
32 16 1396
31 16 1365
30 16 1377
29 16 1549
28 16 1419
27 16 1389
26 16 1374
25 16 1503
24 16 1420
23 16 1445
22 16 1400
21 16 1578
20 16 1563
19 16 1462
18 16 1433
17 16 1402
16 16 1390
15 16 1572
14 16 1553
13 16 1457
12 16 1410
11 16 1396
10 16 1384
9 16 1374
8 16 1370
