0 0 3862
1 0 3861
2 0 3856
3 0 3856
4 0 3872
5 0 3856
6 0 3872
7 0 3232
8 0 3863
9 0 3418
10 0 3589
11 0 3800
12 0 3642
13 0 3485
14 0 3697
15 0 3571
16 0 3676
17 0 3704
18 0 3696
19 0 3725
20 0 3483
21 0 3491
22 0 3537
23 0 3590
24 0 3615
25 0 3608
26 0 3576
27 0 3566
28 0 3609
29 0 3613
30 0 3460
31 0 3497
32 0 3633
33 0 3510
34 0 3732
35 0 3486
36 0 3531
37 0 3723
38 0 3667
39 0 3500
40 0 1850
41 0 3518
42 0 2499
43 0 3467
44 0 3206
45 0 3637
46 0 3460
47 0 3481
48 0 3656
49 0 3715
50 0 2325
51 0 3790
52 0 3777
53 0 3735
54 0 2854
55 0 3740
56 0 3871
57 0 3530
58 0 3516
59 0 3495
60 0 3169
61 0 3548
62 0 3633
63 0 3733
0 1 3546
1 1 3648
2 1 1612
3 1 3708
4 1 3711
5 1 3528
6 1 3640
7 1 3521
8 1 3604
9 1 3662
10 1 3445
11 1 3495
12 1 3498
13 1 3602
14 1 3763
15 1 3654
16 1 3692
17 1 3645
18 1 2585
19 1 3725
20 1 3625
21 1 3876
22 1 3716
23 1 2919
24 1 3509
25 1 3459
26 1 3568
27 1 1917
28 1 3526
29 1 3851
30 1 3774
31 1 3608
32 1 3501
33 1 3560
34 1 3534
35 1 3648
36 1 3518
37 1 3729
38 1 3469
39 1 3547
40 1 3592
41 1 3502
42 1 3545
43 1 1753
44 1 3498
45 1 3850
46 1 3565
47 1 3653
48 1 2658
49 1 3060
50 1 3736
51 1 3729
52 1 2884
53 1 3593
54 1 3701
55 1 3706
56 1 2557
57 1 3637
58 1 3565
59 1 3568
60 1 3591
61 1 3454
62 1 3758
63 1 3518
0 2 3744
1 2 2707
2 2 2648
3 2 2943
4 2 3871
5 2 3569
6 2 2711
7 2 3475
8 2 3525
9 2 3593
10 2 3443
11 2 3769
12 2 3543
13 2 3724
14 2 2972
15 2 2545
16 2 3291
17 2 3387
18 2 2880
19 2 3543
20 2 3729
21 2 3641
22 2 3739
23 2 3785
24 2 3582
25 2 3511
26 2 3364
27 2 3565
28 2 3838
29 2 3487
30 2 3565
31 2 3539
32 2 3443
33 2 3603
34 2 2472
35 2 3468
36 2 3596
37 2 3467
38 2 3606
39 2 3559
40 2 3550
41 2 3493
42 2 3648
43 2 3525
44 2 1566
45 2 3747
46 2 3707
47 2 3831
48 2 3616
49 2 3638
50 2 3770
51 2 2507
52 2 3287
53 2 2783
54 2 3626
55 2 3820
56 2 3721
57 2 3604
58 2 3689
59 2 3593
60 2 3497
61 2 1902
62 2 3610
63 2 3852
0 3 3560
1 3 3241
2 3 3519
3 3 3706
4 3 3582
5 3 1874
6 3 3822
7 3 3640
8 3 3596
9 3 3589
10 3 3471
11 3 3454
12 3 3721
13 3 1848
14 3 3709
15 3 3832
16 3 3284
17 3 3030
18 3 3723
19 3 3682
20 3 3428
21 3 2820
22 3 1858
23 3 3729
24 3 3197
25 3 3493
26 3 3822
27 3 3789
28 3 3753
29 3 1809
30 3 3670
31 3 3848
32 3 3618
33 3 3540
34 3 3512
35 3 3540
36 3 3520
37 3 3519
38 3 3512
39 3 3484
40 3 3667
41 3 3020
42 3 3465
43 3 3488
44 3 3554
45 3 1888
46 3 3450
47 3 3838
48 3 2858
49 3 3596
50 3 3718
51 3 3867
52 3 3811
53 3 2920
54 3 3547
55 3 3536
56 3 3578
57 3 3750
58 3 3764
59 3 3791
60 3 3391
61 3 3423
62 3 3630
63 3 3623
0 4 3479
1 4 3528
2 4 3619
3 4 3673
4 4 3553
5 4 3450
6 4 3598
7 4 3550
8 4 3594
9 4 3553
10 4 3484
11 4 3466
12 4 3446
13 4 3661
14 4 2940
15 4 3707
16 4 3208
17 4 2904
18 4 3848
19 4 3724
20 4 3539
21 4 2909
22 4 3774
23 4 3629
24 4 3490
25 4 2428
26 4 3476
27 4 3738
28 4 3514
29 4 3547
30 4 2388
31 4 3615
32 4 3713
33 4 3629
34 4 3492
35 4 3610
36 4 3576
37 4 3784
38 4 3657
39 4 3680
40 4 2939
41 4 3435
42 4 3505
43 4 3493
44 4 3516
45 4 3514
46 4 3522
47 4 3447
48 4 3604
49 4 2979
50 4 3771
51 4 3090
52 4 3006
53 4 3286
54 4 3670
55 4 3652
56 4 3777
57 4 3681
58 4 3560
59 4 3479
60 4 3491
61 4 2944
62 4 3771
63 4 3497
0 5 3554
1 5 3453
2 5 3502
3 5 1741
4 5 3763
5 5 3671
6 5 3709
7 5 3706
8 5 1817
9 5 3595
10 5 3750
11 5 3816
12 5 3529
13 5 3480
14 5 3102
15 5 3766
16 5 3728
17 5 3134
18 5 3633
19 5 3663
20 5 3763
21 5 3632
22 5 2228
23 5 3459
24 5 3670
25 5 3477
26 5 3824
27 5 1618
28 5 3288
29 5 3780
30 5 3657
31 5 3579
32 5 3488
33 5 3064
34 5 3286
35 5 3533
36 5 3490
37 5 3483
38 5 3557
39 5 3560
40 5 3445
41 5 3527
42 5 3606
43 5 3485
44 5 3636
45 5 3573
46 5 3527
47 5 3496
48 5 3465
49 5 3577
50 5 3871
51 5 3586
52 5 3820
53 5 3006
54 5 2193
55 5 3644
56 5 3862
57 5 3806
58 5 3551
59 5 3591
60 5 3613
61 5 1825
62 5 3574
63 5 2757
0 6 3518
1 6 3434
2 6 3774
3 6 2433
4 6 3668
5 6 3523
6 6 3702
7 6 3452
8 6 1885
9 6 3703
10 6 3836
11 6 3692
12 6 3548
13 6 3592
14 6 3437
15 6 3672
16 6 2730
17 6 3768
18 6 3823
19 6 3235
20 6 3539
21 6 2799
22 6 3475
23 6 3104
24 6 3206
25 6 1725
26 6 3620
27 6 3679
28 6 2836
29 6 1178
30 6 3820
31 6 3743
32 6 3565
33 6 3620
34 6 3377
35 6 3567
36 6 3491
37 6 3619
38 6 3617
39 6 3509
40 6 3575
41 6 3608
42 6 3509
43 6 3445
44 6 3512
45 6 3538
46 6 3469
47 6 3491
48 6 3438
49 6 3482
50 6 3780
51 6 3677
52 6 2905
53 6 2789
54 6 3810
55 6 3635
56 6 3653
57 6 3455
58 6 3864
59 6 3510
60 6 3149
61 6 2685
62 6 3544
63 6 3811
0 7 3494
1 7 3503
2 7 3621
3 7 3550
4 7 3512
5 7 3490
6 7 3494
7 7 3517
8 7 3565
9 7 3518
10 7 3279
11 7 3582
12 7 3666
13 7 3616
14 7 3473
15 7 3494
16 7 1851
17 7 3759
18 7 3622
19 7 3225
20 7 3520
21 7 3801
22 7 3251
23 7 3134
24 7 3571
25 7 3794
26 7 2538
27 7 3600
28 7 3338
29 7 3673
30 7 3205
31 7 3623
32 7 3563
33 7 3656
34 7 3525
35 7 3499
36 7 3576
37 7 3558
38 7 3502
39 7 2921
40 7 3615
41 7 3720
42 7 2930
43 7 3427
44 7 3538
45 7 3488
46 7 3524
47 7 1840
48 7 3851
49 7 3846
50 7 3802
51 7 3834
52 7 3864
53 7 3816
54 7 3637
55 7 3668
56 7 3546
57 7 1829
58 7 3646
59 7 3854
60 7 2744
61 7 3593
62 7 3801
63 7 3702
0 8 3517
1 8 3493
2 8 3412
3 8 3463
4 8 2530
5 8 3496
6 8 3723
7 8 2697
8 8 2954
9 8 3863
10 8 3705
11 8 2913
12 8 3593
13 8 3480
14 8 3547
15 8 3442
16 8 3537
17 8 2734
18 8 3594
19 8 3082
20 8 3494
21 8 3577
22 8 3763
23 8 3433
24 8 3724
25 8 2646
26 8 2945
27 8 1918
28 8 3708
29 8 3813
30 8 3792
31 8 3572
32 8 3489
33 8 3561
34 8 3537
35 8 3476
36 8 3532
37 8 3615
38 8 3450
39 8 3479
40 8 3526
41 8 3482
42 8 3511
43 8 3810
44 8 3550
45 8 3487
46 8 3491
47 8 3623
48 8 3667
49 8 3043
50 8 3483
51 8 3582
52 8 2982
53 8 3605
54 8 3614
55 8 3459
56 8 1491
57 8 3758
58 8 3836
59 8 3336
60 8 3824
61 8 3828
62 8 3682
63 8 3652
0 9 3674
1 9 3533
2 9 3472
3 9 3561
4 9 3507
5 9 3453
6 9 3483
7 9 3539
8 9 3563
9 9 3487
10 9 3515
11 9 3498
12 9 3743
13 9 3543
14 9 1761
15 9 3631
16 9 3599
17 9 3609
18 9 3557
19 9 3519
20 9 3785
21 9 3563
22 9 3818
23 9 3698
24 9 3421
25 9 1817
26 9 3000
27 9 3857
28 9 3604
29 9 3727
30 9 3716
31 9 3771
32 9 2966
33 9 3759
34 9 2754
35 9 2649
36 9 2795
37 9 1978
38 9 3723
39 9 3853
40 9 2882
41 9 3658
42 9 3658
43 9 3472
44 9 2679
45 9 3524
46 9 3461
47 9 3491
48 9 3539
49 9 3481
50 9 3504
51 9 3431
52 9 3850
53 9 3658
54 9 3615
55 9 1806
56 9 3616
57 9 3815
58 9 3825
59 9 3607
60 9 3070
61 9 2628
62 9 3408
63 9 3758
0 10 2856
1 10 3241
2 10 3537
3 10 3550
4 10 3527
5 10 3471
6 10 3555
7 10 3557
8 10 3536
9 10 3523
10 10 3689
11 10 3782
12 10 3528
13 10 1953
14 10 3734
15 10 3621
16 10 3575
17 10 3486
18 10 3467
19 10 3809
20 10 3629
21 10 3640
22 10 3647
23 10 3629
24 10 3600
25 10 3689
26 10 3563
27 10 3623
28 10 3845
29 10 3672
30 10 3644
31 10 3627
32 10 3646
33 10 3199
34 10 3541
35 10 1793
36 10 3548
37 10 3720
38 10 3685
39 10 3544
40 10 3620
41 10 3483
42 10 2843
43 10 3037
44 10 3569
45 10 3529
46 10 3466
47 10 3518
48 10 3826
49 10 3675
50 10 2582
51 10 3723
52 10 3443
53 10 3465
54 10 3741
55 10 3446
56 10 3039
57 10 3118
58 10 3565
59 10 3711
60 10 3269
61 10 3525
62 10 2726
63 10 2645
0 11 3547
1 11 2784
2 11 3440
3 11 3751
4 11 3460
5 11 3636
6 11 3625
7 11 3511
8 11 3513
9 11 3609
10 11 3462
11 11 3724
12 11 3529
13 11 3510
14 11 3467
15 11 3673
16 11 3456
17 11 3697
18 11 3766
19 11 3645
20 11 3450
21 11 3669
22 11 3744
23 11 3710
24 11 3811
25 11 3701
26 11 3034
27 11 3545
28 11 3731
29 11 3601
30 11 3787
31 11 3386
32 11 2885
33 11 3670
34 11 3200
35 11 3538
36 11 3710
37 11 2741
38 11 3445
39 11 3522
40 11 3488
41 11 3287
42 11 3507
43 11 3478
44 11 3586
45 11 3508
46 11 3521
47 11 3644
48 11 3549
49 11 3518
50 11 3572
51 11 3561
52 11 3470
53 11 3522
54 11 3472
55 11 3732
56 11 3586
57 11 3529
58 11 3600
59 11 3711
60 11 3706
61 11 3693
62 11 3274
63 11 3693
0 12 3445
1 12 3705
2 12 3504
3 12 3532
4 12 2842
5 12 2924
6 12 3498
7 12 3556
8 12 3557
9 12 3521
10 12 3530
11 12 3625
12 12 3482
13 12 3502
14 12 3499
15 12 1801
16 12 3767
17 12 3867
18 12 3778
19 12 3061
20 12 3679
21 12 3790
22 12 3366
23 12 3613
24 12 3665
25 12 3597
26 12 3657
27 12 3570
28 12 3818
29 12 3631
30 12 2935
31 12 3518
32 12 3713
33 12 3710
34 12 3743
35 12 3557
36 12 3600
37 12 3554
38 12 3684
39 12 3563
40 12 3599
41 12 1711
42 12 3596
43 12 3830
44 12 3815
45 12 3662
46 12 3564
47 12 3049
48 12 3519
49 12 3511
50 12 3828
51 12 3099
52 12 3614
53 12 1756
54 12 3484
55 12 3831
56 12 3485
57 12 3312
58 12 3670
59 12 3681
60 12 3824
61 12 3848
62 12 1820
63 12 2905
0 13 3379
1 13 1639
2 13 3773
3 13 3531
4 13 3638
5 13 3531
6 13 2244
7 13 3613
8 13 3540
9 13 3646
10 13 3667
11 13 3146
12 13 3575
13 13 3504
14 13 3574
15 13 3546
16 13 1724
17 13 3619
18 13 3845
19 13 3842
20 13 3189
21 13 3004
22 13 2727
23 13 3724
24 13 3708
25 13 3054
26 13 3659
27 13 3708
28 13 1939
29 13 3700
30 13 3122
31 13 2664
32 13 3524
33 13 3219
34 13 2872
35 13 3483
36 13 3671
37 13 3504
38 13 3483
39 13 3276
40 13 3457
41 13 3445
42 13 3563
43 13 3495
44 13 3512
45 13 3737
46 13 1681
47 13 3652
48 13 3520
49 13 3552
50 13 3540
51 13 3592
52 13 3513
53 13 3503
54 13 1929
55 13 3799
56 13 2919
57 13 3665
58 13 2742
59 13 3440
60 13 3122
61 13 2762
62 13 3548
63 13 1610
0 14 3518
1 14 3468
2 14 3512
3 14 3567
4 14 3550
5 14 3458
6 14 3560
7 14 3663
8 14 3462
9 14 3526
10 14 1829
11 14 3702
12 14 3712
13 14 3778
14 14 3589
15 14 3639
16 14 2610
17 14 3518
18 14 1812
19 14 3716
20 14 3624
21 14 3859
22 14 3826
23 14 3460
24 14 3733
25 14 3819
26 14 3639
27 14 3223
28 14 1913
29 14 3487
30 14 3127
31 14 3457
32 14 3776
33 14 3771
34 14 3429
35 14 3507
36 14 3515
37 14 3653
38 14 3596
39 14 1925
40 14 3475
41 14 3869
42 14 3851
43 14 3862
44 14 3842
45 14 3881
46 14 3653
47 14 3069
48 14 3536
49 14 3535
50 14 3573
51 14 3593
52 14 3852
53 14 3497
54 14 3697
55 14 3145
56 14 3698
57 14 3421
58 14 3691
59 14 3488
60 14 2919
61 14 3760
62 14 2949
63 14 3630
0 15 3569
1 15 3474
2 15 3500
3 15 3461
4 15 3626
5 15 3547
6 15 3654
7 15 3637
8 15 3477
9 15 3601
10 15 3513
11 15 3714
12 15 3575
13 15 3139
14 15 3608
15 15 3513
16 15 3625
17 15 3860
18 15 3551
19 15 2956
20 15 3456
21 15 3175
22 15 2770
23 15 2645
24 15 2670
25 15 3145
26 15 3167
27 15 3514
28 15 3138
29 15 1867
30 15 3752
31 15 3006
32 15 3251
33 15 3458
34 15 3628
35 15 3696
36 15 3518
37 15 3518
38 15 2725
39 15 3159
40 15 1993
41 15 3691
42 15 3673
43 15 3725
44 15 3790
45 15 3519
46 15 3569
47 15 3768
48 15 3485
49 15 3679
50 15 3516
51 15 2950
52 15 3646
53 15 3549
54 15 2618
55 15 1702
56 15 3857
57 15 3703
58 15 3774
59 15 3864
60 15 3639
61 15 3146
62 15 3726
63 15 3520
0 16 1995
1 16 3518
2 16 3604
3 16 3584
4 16 3544
5 16 3652
6 16 3491
7 16 3594
8 16 3103
9 16 3554
10 16 3635
11 16 3478
12 16 2785
13 16 3846
14 16 2979
15 16 1945
16 16 3751
17 16 3858
18 16 3864
19 16 3854
20 16 3854
21 16 1677
22 16 3598
23 16 3788
24 16 3700
25 16 1952
26 16 3689
27 16 3833
28 16 3832
29 16 2878
30 16 3833
31 16 3698
32 16 3463
33 16 3533
34 16 3877
35 16 3795
36 16 3699
37 16 3593
38 16 3505
39 16 3523
40 16 3679
41 16 3553
42 16 3540
43 16 3476
44 16 3788
45 16 3595
46 16 3582
47 16 3481
48 16 3813
49 16 1974
50 16 3546
51 16 3826
52 16 3853
53 16 3807
54 16 3660
55 16 3663
56 16 1866
57 16 3611
58 16 3845
59 16 3738
60 16 3869
61 16 3787
62 16 3712
63 16 1709
