63 0 14
62 0 31
61 0 20
60 0 21
59 0 24
58 0 21
57 0 6
56 0 92
55 0 25
54 0 -16
53 0 22
52 0 -7
51 0 25
50 0 26
49 0 -3
48 0 22
47 0 8
46 0 810
45 0 -197
44 0 -104
43 0 -33
42 0 956
41 0 -172
40 0 -125
39 0 13
38 0 -1
37 0 -8
36 0 22
35 0 21
34 0 19
33 0 43
32 0 45
31 0 -24
30 0 -17
29 0 -6
28 0 15
27 0 9
26 0 13
25 0 1009
24 0 -219
23 0 -23
22 0 -27
21 0 -14
20 0 9
19 0 6
18 0 5
17 0 -12
16 0 101
15 0 1
14 0 8
13 0 95
12 0 14
11 0 0
10 0 -26
9 0 -70
8 0 -16
7 0 970
6 0 -298
5 0 -48
4 0 -74
3 0 -40
2 0 -25
1 0 -38
0 0 -66
63 1 10
62 1 -47
61 1 17
60 1 17
59 1 41
58 1 31
57 1 30
56 1 4
55 1 36
54 1 15
53 1 13
52 1 444
51 1 -125
50 1 -31
49 1 -7
48 1 -17
47 1 -127
46 1 -82
45 1 -69
44 1 -60
43 1 1036
42 1 -253
41 1 -139
40 1 -71
39 1 -12
38 1 12
37 1 8
36 1 15
35 1 13
34 1 29
33 1 43
32 1 45
31 1 -31
30 1 -12
29 1 -9
28 1 -16
27 1 1021
26 1 84
25 1 -285
24 1 -155
23 1 -48
22 1 -6
21 1 -12
20 1 3
19 1 -25
18 1 5
17 1 -12
16 1 21
15 1 4
14 1 1
13 1 -11
12 1 14
11 1 9
10 1 -14
9 1 -280
8 1 -260
7 1 -45
6 1 -23
5 1 -4
4 1 -17
3 1 -40
2 1 1037
1 1 79
0 1 -203
63 2 -66
62 2 -15
61 2 -3
60 2 30
59 2 16
58 2 31
57 2 33
56 2 22
55 2 -12
54 2 30
53 2 -14
52 2 -35
51 2 -39
50 2 15
49 2 -16
48 2 3
47 2 26
46 2 20
45 2 -51
44 2 954
43 2 -112
42 2 -200
41 2 -97
40 2 -63
39 2 -8
38 2 -31
37 2 11
36 2 -1
35 2 22
34 2 -28
33 2 -42
32 2 20
31 2 -3
30 2 8
29 2 3
28 2 0
27 2 15
26 2 -43
25 2 46
24 2 31
23 2 -31
22 2 15
21 2 24
20 2 35
19 2 12
18 2 18
17 2 79
16 2 983
15 2 -39
14 2 -87
13 2 -55
12 2 -29
11 2 -2
10 2 -26
9 2 -12
8 2 -4
7 2 10
6 2 -38
5 2 6
4 2 39
3 2 -3
2 2 7
1 2 -14
0 2 8
63 3 8
62 3 22
61 3 41
60 3 48
59 3 15
58 3 24
57 3 16
56 3 19
55 3 -31
54 3 21
53 3 23
52 3 3
51 3 18
50 3 -83
49 3 -16
48 3 -18
47 3 26
46 3 30
45 3 1015
44 3 -160
43 3 -96
42 3 -54
41 3 -26
40 3 -13
39 3 11
38 3 17
37 3 10
36 3 16
35 3 0
34 3 14
33 3 14
32 3 18
31 3 -34
30 3 8
29 3 981
28 3 209
27 3 -230
26 3 -124
25 3 -39
24 3 560
23 3 -368
22 3 -397
21 3 -238
20 3 -159
19 3 -73
18 3 -29
17 3 -47
16 3 6
15 3 22
14 3 4
13 3 11
12 3 -35
11 3 -9
10 3 -14
9 3 -40
8 3 14
7 3 -19
6 3 -12
5 3 0
4 3 -159
3 3 -83
2 3 -17
1 3 -29
0 3 3
63 4 16
62 4 90
61 4 997
60 4 11
59 4 -243
58 4 -128
57 4 -67
56 4 -67
55 4 -36
54 4 5
53 4 -3
52 4 27
51 4 22
50 4 36
49 4 22
48 4 -30
47 4 20
46 4 -3
45 4 -3
44 4 4
43 4 6
42 4 -28
41 4 26
40 4 -24
39 4 32
38 4 37
37 4 622
36 4 -212
35 4 -111
34 4 -48
33 4 -33
32 4 -2
31 4 15
30 4 16
29 4 10
28 4 -37
27 4 6
26 4 19
25 4 -11
24 4 54
23 4 19
22 4 9
21 4 -17
20 4 0
19 4 -43
18 4 -89
17 4 -89
16 4 -65
15 4 -26
14 4 -41
13 4 25
12 4 6
11 4 -12
10 4 -4
9 4 -2
8 4 -8
7 4 21
6 4 -66
5 4 2
4 4 6
3 4 1
2 4 3
1 4 -6
0 4 13
63 5 155
62 5 -24
61 5 981
60 5 -143
59 5 -41
58 5 -7
57 5 -12
56 5 20
55 5 -5
54 5 20
53 5 13
52 5 27
51 5 27
50 5 -5
49 5 21
48 5 34
47 5 -8
46 5 9
45 5 15
44 5 8
43 5 9
42 5 -1
41 5 26
40 5 13
39 5 -18
38 5 10
37 5 25
36 5 33
35 5 17
34 5 8
33 5 18
32 5 27
31 5 0
30 5 13
29 5 9
28 5 20
27 5 78
26 5 45
25 5 104
24 5 17
23 5 36
22 5 1043
21 5 -68
20 5 -208
19 5 -73
18 5 -78
17 5 -23
16 5 13
15 5 30
14 5 18
13 5 12
12 5 -1
11 5 -2
10 5 2
9 5 15
8 5 971
7 5 -381
6 5 -247
5 5 -194
4 5 -82
3 5 -99
2 5 -10
1 5 16
0 5 14
63 6 -5
62 6 5
61 6 -36
60 6 3
59 6 22
58 6 45
57 6 39
56 6 9
55 6 28
54 6 -63
53 6 24
52 6 -93
51 6 -149
50 6 -110
49 6 -75
48 6 -68
47 6 -2
46 6 4
45 6 -1
44 6 19
43 6 49
42 6 23
41 6 -44
40 6 32
39 6 -98
38 6 -143
37 6 -78
36 6 -32
35 6 -13
34 6 -59
33 6 5
32 6 -3
31 6 14
30 6 3
29 6 16
28 6 -14
27 6 19
26 6 12
25 6 972
24 6 -211
23 6 993
22 6 144
21 6 -274
20 6 -145
19 6 -80
18 6 -28
17 6 -9
16 6 -85
15 6 -55
14 6 -33
13 6 -41
12 6 -10
11 6 -84
10 6 21
9 6 986
8 6 -72
7 6 -160
6 6 -100
5 6 -68
4 6 -56
3 6 -2
2 6 -6
1 6 8
0 6 10
63 7 -266
62 7 -259
61 7 -141
60 7 -108
59 7 -85
58 7 10
57 7 14
56 7 -170
55 7 -6
54 7 1
53 7 4
52 7 10
51 7 4
50 7 17
49 7 -13
48 7 -3
47 7 990
46 7 1
45 7 -242
44 7 -118
43 7 -81
42 7 -44
41 7 -10
40 7 -17
39 7 15
38 7 18
37 7 25
36 7 4
35 7 13
34 7 29
33 7 3
32 7 15
31 7 -3
30 7 5
29 7 25
28 7 -11
27 7 -4
26 7 20
25 7 29
24 7 26
23 7 -39
22 7 -35
21 7 37
20 7 968
19 7 -35
18 7 -188
17 7 -138
16 7 -59
15 7 9
14 7 -21
13 7 -8
12 7 -1
11 7 4
10 7 133
9 7 -1
8 7 0
7 7 7
6 7 -1
5 7 10
4 7 10
3 7 2
2 7 -3
1 7 7
0 7 3
63 8 -12
62 8 -12
61 8 15
60 8 790
59 8 -227
58 8 -166
57 8 -39
56 8 986
55 8 -198
54 8 -148
53 8 -92
52 8 -21
51 8 13
50 8 16
49 8 -10
48 8 -2
47 8 15
46 8 27
45 8 12
44 8 18
43 8 2
42 8 23
41 8 16
40 8 9
39 8 -48
38 8 32
37 8 18
36 8 24
35 8 18
34 8 11
33 8 4
32 8 25
31 8 -5
30 8 -15
29 8 -32
28 8 36
27 8 -8
26 8 -32
25 8 173
24 8 643
23 8 -147
22 8 -125
21 8 -100
20 8 -13
19 8 8
18 8 2
17 8 171
16 8 19
15 8 -18
14 8 -27
13 8 -25
12 8 16
11 8 -21
10 8 16
9 8 14
8 8 1
7 8 -35
6 8 941
5 8 -255
4 8 -194
3 8 -73
2 8 -44
1 8 -27
0 8 -10
63 9 20
62 9 8
61 9 23
60 9 15
59 9 17
58 9 -3
57 9 24
56 9 55
55 9 969
54 9 -266
53 9 -141
52 9 -88
51 9 -37
50 9 -27
49 9 -16
48 9 -19
47 9 27
46 9 24
45 9 8
44 9 9
43 9 22
42 9 15
41 9 14
40 9 22
39 9 19
38 9 13
37 9 -26
36 9 -28
35 9 21
34 9 995
33 9 142
32 9 -361
31 9 -76
30 9 -46
29 9 1
28 9 13
27 9 18
26 9 20
25 9 11
24 9 20
23 9 -159
22 9 -94
21 9 -61
20 9 -5
19 9 25
18 9 993
17 9 30
16 9 -356
15 9 -69
14 9 -49
13 9 -11
12 9 -1
11 9 10
10 9 -7
9 9 10
8 9 10
7 9 3
6 9 23
5 9 16
4 9 7
3 9 -1
2 9 17
1 9 -5
0 9 -57
63 10 -4
62 10 15
61 10 20
60 10 22
59 10 27
58 10 18
57 10 24
56 10 4
55 10 25
54 10 969
53 10 -83
52 10 -263
51 10 -168
50 10 -116
49 10 -41
48 10 -9
47 10 0
46 10 15
45 10 8
44 10 10
43 10 -38
42 10 21
41 10 13
40 10 9
39 10 2
38 10 3
37 10 13
36 10 7
35 10 264
34 10 -112
33 10 -96
32 10 -61
31 10 -9
30 10 13
29 10 19
28 10 -26
27 10 20
26 10 3
25 10 21
24 10 14
23 10 29
22 10 -22
21 10 0
20 10 7
19 10 6
18 10 49
17 10 15
16 10 7
15 10 3
14 10 -4
13 10 -23
12 10 19
11 10 17
10 10 -4
9 10 14
8 10 20
7 10 10
6 10 20
5 10 15
4 10 7
3 10 6
2 10 0
1 10 -9
0 10 -7
63 11 -18
62 11 17
61 11 20
60 11 10
59 11 16
58 11 -45
57 11 -10
56 11 -14
55 11 9
54 11 42
53 11 39
52 11 1
51 11 3
50 11 8
49 11 -2
48 11 20
47 11 12
46 11 20
45 11 17
44 11 16
43 11 12
42 11 24
41 11 11
40 11 24
39 11 12
38 11 17
37 11 -18
36 11 -13
35 11 14
34 11 4
33 11 31
32 11 17
31 11 -29
30 11 -5
29 11 27
28 11 22
27 11 26
26 11 5
25 11 344
24 11 -96
23 11 -8
22 11 19
21 11 997
20 11 -214
19 11 -150
18 11 -70
17 11 -40
16 11 -11
15 11 -1
14 11 10
13 11 6
12 11 14
11 11 11
10 11 6
9 11 -2
8 11 23
7 11 8
6 11 5
5 11 -1
4 11 10
3 11 -23
2 11 26
1 11 -30
0 11 10
63 12 -72
62 12 -47
61 12 55
60 12 -105
59 12 -134
58 12 -60
57 12 18
56 12 -22
55 12 -68
54 12 -105
53 12 -464
52 12 -147
51 12 -153
50 12 -69
49 12 -48
48 12 1004
47 12 -119
46 12 -52
45 12 -31
44 12 -23
43 12 -1
42 12 -1
41 12 0
40 12 393
39 12 -34
38 12 -13
37 12 -11
36 12 -71
35 12 -6
34 12 -30
33 12 -78
32 12 -11
31 12 164
30 12 8
29 12 -10
28 12 22
27 12 31
26 12 -11
25 12 23
24 12 -20
23 12 8
22 12 64
21 12 -21
20 12 -33
19 12 64
18 12 987
17 12 -80
16 12 -212
15 12 -65
14 12 -9
13 12 -12
12 12 -2
11 12 -28
10 12 12
9 12 11
8 12 5
7 12 -51
6 12 8
5 12 -7
4 12 -16
3 12 21
2 12 11
1 12 -27
0 12 28
63 13 -80
62 13 -29
61 13 -14
60 13 32
59 13 -47
58 13 -28
57 13 1
56 13 -15
55 13 5
54 13 -27
53 13 27
52 13 22
51 13 13
50 13 17
49 13 17
48 13 21
47 13 24
46 13 1036
45 13 -263
44 13 -97
43 13 -63
42 13 -31
41 13 -6
40 13 -6
39 13 -24
38 13 34
37 13 5
36 13 26
35 13 28
34 13 45
33 13 335
32 13 -79
31 13 7
30 13 -24
29 13 39
28 13 -263
27 13 -94
26 13 -144
25 13 -154
24 13 29
23 13 22
22 13 991
21 13 -83
20 13 -181
19 13 -90
18 13 -125
17 13 -169
16 13 1014
15 13 -387
14 13 -397
13 13 -243
12 13 -165
11 13 -99
10 13 982
9 13 -234
8 13 -151
7 13 -32
6 13 -23
5 13 1
4 13 0
3 13 7
2 13 -46
1 13 122
0 13 -41
63 14 -7
62 14 -21
61 14 124
60 14 -11
59 14 26
58 14 2
57 14 23
56 14 17
55 14 1
54 14 31
53 14 24
52 14 37
51 14 32
50 14 18
49 14 19
48 14 64
47 14 -9
46 14 8
45 14 0
44 14 -18
43 14 7
42 14 -7
41 14 -16
40 14 -49
39 14 993
38 14 -179
37 14 -136
36 14 -61
35 14 -31
34 14 -25
33 14 -51
32 14 -41
31 14 55
30 14 -6
29 14 -48
28 14 10
27 14 -17
26 14 -11
25 14 30
24 14 -1
23 14 17
22 14 0
21 14 -38
20 14 35
19 14 981
18 14 -47
17 14 -327
16 14 -245
15 14 -23
14 14 10
13 14 6
12 14 13
11 14 0
10 14 0
9 14 12
8 14 23
7 14 -40
6 14 12
5 14 11
4 14 0
3 14 -10
2 14 11
1 14 24
0 14 23
63 15 -216
62 15 -291
61 15 91
60 15 -105
59 15 -74
58 15 -50
57 15 47
56 15 -13
55 15 1000
54 15 -173
53 15 -65
52 15 -31
51 15 -48
50 15 7
49 15 16
48 15 29
47 15 8
46 15 8
45 15 23
44 15 15
43 15 7
42 15 19
41 15 -35
40 15 15
39 15 6
38 15 -13
37 15 41
36 15 44
35 15 -33
34 15 29
33 15 15
32 15 991
31 15 -206
30 15 -111
29 15 -102
28 15 -80
27 15 -42
26 15 -265
25 15 -116
24 15 -34
23 15 -3
22 15 51
21 15 202
20 15 -52
19 15 -21
18 15 -5
17 15 -12
16 15 -6
15 15 11
14 15 -50
13 15 62
12 15 -17
11 15 -2
10 15 32
9 15 13
8 15 23
7 15 965
6 15 -243
5 15 -129
4 15 -89
3 15 -20
2 15 5
1 15 5
0 15 -2
63 16 -177
62 16 -96
61 16 -68
60 16 -5
59 16 17
58 16 4
57 16 979
56 16 -321
55 16 -38
54 16 -19
53 16 -49
52 16 5
51 16 14
50 16 -33
49 16 14
48 16 940
47 16 -379
46 16 -293
45 16 -145
44 16 -89
43 16 -37
42 16 -17
41 16 -17
40 16 19
39 16 17
38 16 37
37 16 41
36 16 1033
35 16 -145
34 16 -10
33 16 -91
32 16 -55
31 16 -90
30 16 4
29 16 975
28 16 -173
27 16 -156
26 16 -83
25 16 -20
24 16 -227
23 16 -228
22 16 -171
21 16 1003
20 16 -28
19 16 -318
18 16 -188
17 16 -109
16 16 -52
15 16 963
14 16 -18
13 16 -270
12 16 -161
11 16 -77
10 16 -33
9 16 -24
8 16 -9
