63 0 3661
62 0 3495
61 0 3528
60 0 3490
59 0 3476
58 0 3496
57 0 3746
56 0 2779
55 0 3657
54 0 3129
53 0 3668
52 0 3006
51 0 3687
50 0 3688
49 0 3752
48 0 3445
47 0 3452
46 0 2319
45 0 2649
44 0 3802
43 0 3610
42 0 1863
41 0 3799
40 0 3256
39 0 3510
38 0 3549
37 0 3722
36 0 3638
35 0 3502
34 0 3530
33 0 3454
32 0 3412
31 0 3574
30 0 3614
29 0 3678
28 0 3540
27 0 3605
26 0 3603
25 0 1595
24 0 3634
23 0 3546
22 0 3831
21 0 3859
20 0 3655
19 0 3638
18 0 3738
17 0 3861
16 0 2490
15 0 3819
14 0 3675
13 0 2655
12 0 3522
11 0 3490
10 0 3771
9 0 3321
8 0 3601
7 0 1726
6 0 3484
5 0 2776
4 0 3669
3 0 3626
2 0 3710
1 0 3871
0 0 3040
63 1 3563
62 1 3444
61 1 3673
60 1 3718
59 1 3586
58 1 3755
57 1 3750
56 1 2753
55 1 3594
54 1 3647
53 1 3737
52 1 1987
51 1 3783
50 1 3660
49 1 3618
48 1 3762
47 1 3641
46 1 3565
45 1 3740
44 1 3177
43 1 1837
42 1 3558
41 1 3613
40 1 3611
39 1 3516
38 1 3539
37 1 3596
36 1 3501
35 1 3024
34 1 3494
33 1 3448
32 1 3404
31 1 3603
30 1 3595
29 1 3602
28 1 3757
27 1 1822
26 1 3531
25 1 3763
24 1 3725
23 1 2885
22 1 3655
21 1 3756
20 1 3658
19 1 3067
18 1 3807
17 1 3735
16 1 3670
15 1 3798
14 1 3635
13 1 3866
12 1 3628
11 1 3580
10 1 3521
9 1 1474
8 1 3833
7 1 3570
6 1 3510
5 1 3600
4 1 3710
3 1 2921
2 1 1726
1 1 3688
0 1 3677
63 2 3834
62 2 3587
61 2 3510
60 2 3475
59 2 3522
58 2 2873
57 2 3543
56 2 3609
55 2 3711
54 2 3529
53 2 2777
52 2 3786
51 2 2902
50 2 3544
49 2 3773
48 2 3801
47 2 3602
46 2 3466
45 2 3553
44 2 1842
43 2 3455
42 2 3860
41 2 3615
40 2 3580
39 2 3595
38 2 3798
37 2 3546
36 2 3730
35 2 3476
34 2 2994
33 2 3765
32 2 3462
31 2 3602
30 2 3523
29 2 3614
28 2 3624
27 2 3530
26 2 2980
25 2 3487
24 2 3648
23 2 3572
22 2 3664
21 2 3690
20 2 3325
19 2 3637
18 2 3632
17 2 3005
16 2 1735
15 2 2864
14 2 3708
13 2 3810
12 2 3746
11 2 3603
10 2 3540
9 2 3563
8 2 3604
7 2 3587
6 2 2777
5 2 3609
4 2 3352
3 2 3769
2 2 3624
1 2 3867
0 2 3693
63 3 3580
62 3 3551
61 3 3452
60 3 3422
59 3 3795
58 3 3568
57 3 3679
56 3 3616
55 3 3288
54 3 3681
53 3 3663
52 3 3786
51 3 3627
50 3 3062
49 3 3665
48 3 3760
47 3 3647
46 3 3467
45 3 1769
44 3 3613
43 3 3639
42 3 3554
41 3 3609
40 3 3621
39 3 3644
38 3 3459
37 3 3498
36 3 3570
35 3 3657
34 3 3523
33 3 3513
32 3 3578
31 3 2755
30 3 3669
29 3 1900
28 3 3577
27 3 3855
26 3 3770
25 3 3508
24 3 1988
23 3 3825
22 3 3739
21 3 3443
20 3 3587
19 3 3753
18 3 3643
17 3 3178
16 3 3733
15 3 3598
14 3 3654
13 3 3781
12 3 3645
11 3 3473
10 3 3517
9 3 3837
8 3 3517
7 3 3769
6 3 3665
5 3 2767
4 3 3503
3 3 3038
2 3 3550
1 3 3653
0 3 3589
63 4 3535
62 4 2763
61 4 1808
60 4 3591
59 4 3722
58 4 3694
57 4 3776
56 4 3591
55 4 2835
54 4 3108
53 4 3783
52 4 3699
51 4 3716
50 4 3540
49 4 3653
48 4 3260
47 4 3446
46 4 3569
45 4 3523
44 4 3511
43 4 3589
42 4 3273
41 4 3527
40 4 2663
39 4 3616
38 4 3500
37 4 2311
36 4 3874
35 4 3614
34 4 3540
33 4 3594
32 4 3565
31 4 3496
30 4 3529
29 4 3515
28 4 2699
27 4 3746
26 4 3667
25 4 3705
24 4 3430
23 4 3446
22 4 3656
21 4 2910
20 4 2472
19 4 2777
18 4 3748
17 4 3457
16 4 3018
15 4 3844
14 4 3331
13 4 3616
12 4 3474
11 4 3536
10 4 3493
9 4 3603
8 4 3587
7 4 3491
6 4 3378
5 4 3458
4 4 3551
3 4 3575
2 4 3649
1 4 3771
0 4 3495
63 5 2570
62 5 3740
61 5 1881
60 5 3635
59 5 3570
58 5 3517
57 5 3620
56 5 3566
55 5 3736
54 5 3687
53 5 3729
52 5 3619
51 5 3621
50 5 3841
49 5 3609
48 5 3431
47 5 3592
46 5 3506
45 5 3468
44 5 3612
43 5 3559
42 5 3801
41 5 3479
40 5 3587
39 5 3828
38 5 2718
37 5 3457
36 5 3467
35 5 3660
34 5 3687
33 5 3488
32 5 3476
31 5 3662
30 5 3615
29 5 3748
28 5 3659
27 5 3074
26 5 2868
25 5 2819
24 5 3604
23 5 3442
22 5 1899
21 5 3475
20 5 3515
19 5 3738
18 5 2799
17 5 3711
16 5 3675
15 5 3030
14 5 3733
13 5 3481
12 5 3491
11 5 3667
10 5 3576
9 5 3491
8 5 1635
7 5 3856
6 5 3868
5 5 3406
4 5 3641
3 5 2979
2 5 3563
1 5 3490
0 5 3531
63 6 3704
62 6 3597
61 6 3232
60 6 3260
59 6 3445
58 6 3587
57 6 3453
56 6 3668
55 6 2992
54 6 3270
53 6 3711
52 6 2097
51 6 3464
50 6 3652
49 6 3552
48 6 3590
47 6 3500
46 6 3450
45 6 3633
44 6 3560
43 6 3550
42 6 3557
41 6 3145
40 6 3461
39 6 1842
38 6 3627
37 6 3753
36 6 3573
35 6 3567
34 6 3105
33 6 3507
32 6 3688
31 6 3590
30 6 3579
29 6 3627
28 6 3653
27 6 3573
26 6 3700
25 6 1817
24 6 3764
23 6 1660
22 6 3610
21 6 3761
20 6 3829
19 6 3781
18 6 3662
17 6 3038
16 6 2008
15 6 3770
14 6 3494
13 6 3576
12 6 3524
11 6 2979
10 6 3518
9 6 1843
8 6 2611
7 6 3671
6 6 3782
5 6 3689
4 6 3831
3 6 3561
2 6 3783
1 6 3500
0 6 3576
63 7 3762
62 7 3865
61 7 3707
60 7 2953
59 7 3144
58 7 3491
57 7 3719
56 7 3603
55 7 3558
54 7 3570
53 7 3536
52 7 3580
51 7 3564
50 7 3554
49 7 3453
48 7 3498
47 7 1762
46 7 3667
45 7 3798
44 7 3601
43 7 3518
42 7 3562
41 7 3534
40 7 3546
39 7 3793
38 7 3510
37 7 3492
36 7 3662
35 7 3642
34 7 3476
33 7 3806
32 7 3610
31 7 3824
30 7 3817
29 7 3666
28 7 3409
27 7 3844
26 7 3709
25 7 3613
24 7 3561
23 7 3198
22 7 3513
21 7 3518
20 7 1893
19 7 3427
18 7 3823
17 7 3805
16 7 3766
15 7 3463
14 7 3515
13 7 3639
12 7 3632
11 7 3597
10 7 3191
9 7 3512
8 7 3591
7 7 3505
6 7 3591
5 7 3553
4 7 3516
3 7 3574
2 7 3583
1 7 3528
0 7 3614
63 8 3851
62 8 3829
61 8 3767
60 8 1808
59 8 3849
58 8 3550
57 8 3490
56 8 1710
55 8 3681
54 8 3598
53 8 3279
52 8 3760
51 8 3559
50 8 3455
49 8 3571
48 8 3649
47 8 3580
46 8 3536
45 8 3478
44 8 3484
43 8 3558
42 8 3492
41 8 3599
40 8 3526
39 8 3565
38 8 3470
37 8 3527
36 8 3528
35 8 3547
34 8 3610
33 8 3673
32 8 3515
31 8 3691
30 8 2895
29 8 3249
28 8 2755
27 8 2978
26 8 3198
25 8 2691
24 8 1947
23 8 3648
22 8 2805
21 8 3881
20 8 3541
19 8 3501
18 8 3684
17 8 2535
16 8 3504
15 8 3526
14 8 3820
13 8 3420
12 8 3544
11 8 3124
10 8 3549
9 8 3454
8 8 3627
7 8 3781
6 8 1892
5 8 3762
4 8 3240
3 8 3531
2 8 3513
1 8 3538
0 8 3546
63 9 3613
62 9 3716
61 9 3645
60 9 3582
59 9 3716
58 9 3180
57 9 3833
56 9 3404
55 9 1901
54 9 3719
53 9 3811
52 9 3856
51 9 3517
50 9 3547
49 9 3697
48 9 3815
47 9 3439
46 9 3502
45 9 3528
44 9 3637
43 9 3481
42 9 3596
41 9 3571
40 9 3544
39 9 3486
38 9 3479
37 9 2916
36 9 3142
35 9 3624
34 9 1803
33 9 3607
32 9 3850
31 9 3755
30 9 3807
29 9 3597
28 9 3619
27 9 3635
26 9 3224
25 9 3601
24 9 3050
23 9 3790
22 9 3768
21 9 3483
20 9 3495
19 9 3487
18 9 1777
17 9 3647
16 9 3865
15 9 3637
14 9 3598
13 9 3700
12 9 3604
11 9 3500
10 9 3569
9 9 3525
8 9 3559
7 9 3481
6 9 3486
5 9 3531
4 9 3484
3 9 3577
2 9 3502
1 9 3655
0 9 3550
63 10 3088
62 10 3685
61 10 3601
60 10 3592
59 10 3619
58 10 3656
57 10 3657
56 10 2982
55 10 3469
54 10 1965
53 10 3470
52 10 3723
51 10 3755
50 10 3731
49 10 3733
48 10 3582
47 10 3712
46 10 3535
45 10 3547
44 10 3555
43 10 2808
42 10 3491
41 10 3514
40 10 3576
39 10 3661
38 10 3554
37 10 3522
36 10 3595
35 10 2709
34 10 3104
33 10 3789
32 10 3845
31 10 3736
30 10 3703
29 10 3522
28 10 3642
27 10 3639
26 10 3820
25 10 3610
24 10 3633
23 10 3600
22 10 3751
21 10 3779
20 10 3638
19 10 3789
18 10 3488
17 10 3461
16 10 3463
15 10 3477
14 10 3672
13 10 3693
12 10 3647
11 10 3600
10 10 3833
9 10 3544
8 10 3537
7 10 3579
6 10 3531
5 10 3473
4 10 3535
3 10 3521
2 10 3636
1 10 3837
0 10 2906
63 11 2937
62 11 3640
61 11 3757
60 11 3733
59 11 2612
58 11 3849
57 11 3664
56 11 3195
55 11 3842
54 11 3453
53 11 3519
52 11 3493
51 11 3599
50 11 3552
49 11 3532
48 11 3491
47 11 3574
46 11 3484
45 11 3475
44 11 3543
43 11 3490
42 11 3473
41 11 3545
40 11 3454
39 11 3589
38 11 3452
37 11 3871
36 11 2909
35 11 3564
34 11 3667
33 11 2891
32 11 3708
31 11 3433
30 11 3569
29 11 3637
28 11 3656
27 11 3554
26 11 3865
25 11 3759
24 11 3532
23 11 3773
22 11 3501
21 11 1795
20 11 3806
19 11 3863
18 11 3599
17 11 3615
16 11 3520
15 11 3683
14 11 3447
13 11 3513
12 11 3618
11 11 3595
10 11 3509
9 11 3713
8 11 3509
7 11 3521
6 11 3646
5 11 3719
4 11 3515
3 11 3554
2 11 3478
1 11 2884
0 11 3620
63 12 2957
62 12 3364
61 12 3746
60 12 3762
59 12 3099
58 12 2968
57 12 2967
56 12 3802
55 12 3400
54 12 3617
53 12 2135
52 12 3700
51 12 3581
50 12 3818
49 12 3587
48 12 1594
47 12 3709
46 12 3546
45 12 3590
44 12 3707
43 12 3521
42 12 3573
41 12 3636
40 12 3555
39 12 3553
38 12 3608
37 12 3649
36 12 3452
35 12 3078
34 12 2926
33 12 3375
32 12 2991
31 12 2072
30 12 3642
29 12 3574
28 12 3690
27 12 3505
26 12 3834
25 12 3735
24 12 3699
23 12 3783
22 12 2574
21 12 3318
20 12 2937
19 12 3028
18 12 1645
17 12 3470
16 12 3704
15 12 2767
14 12 3504
13 12 3537
12 12 3535
11 12 2771
10 12 3488
9 12 3597
8 12 3477
7 12 3406
6 12 3597
5 12 3808
4 12 3351
3 12 3706
2 12 3608
1 12 3655
0 12 3478
63 13 3641
62 13 3620
61 13 3727
60 13 3022
59 13 2148
58 13 3678
57 13 3677
56 13 3333
55 13 2612
54 13 3697
53 13 3455
52 13 3519
51 13 3571
50 13 3483
49 13 3534
48 13 3452
47 13 3520
46 13 1753
45 13 3465
44 13 3616
43 13 3574
42 13 3549
41 13 3495
40 13 3561
39 13 3367
38 13 3442
37 13 3694
36 13 3555
35 13 3419
34 13 2693
33 13 3058
32 13 3284
31 13 2822
30 13 3720
29 13 2786
28 13 2035
27 13 3223
26 13 2586
25 13 2903
24 13 2815
23 13 3642
22 13 1681
21 13 3745
20 13 3757
19 13 3710
18 13 3286
17 13 3606
16 13 1985
15 13 3827
14 13 3851
13 13 3863
12 13 3871
11 13 3787
10 13 1671
9 13 3632
8 13 3648
7 13 3672
6 13 3728
5 13 3523
4 13 3738
3 13 3465
2 13 3467
1 13 2799
0 13 3520
63 14 3648
62 14 3745
61 14 2811
60 14 3171
59 14 3476
58 14 3732
57 14 3562
56 14 3620
55 14 3007
54 14 3589
53 14 3410
52 14 3527
51 14 3577
50 14 3510
49 14 3489
48 14 2908
47 14 3586
46 14 3556
45 14 3495
44 14 3806
43 14 3555
42 14 3845
41 14 2508
40 14 3226
39 14 1887
38 14 3747
37 14 3670
36 14 3549
35 14 3495
34 14 3513
33 14 2917
32 14 2965
31 14 2932
30 14 3351
29 14 2838
28 14 2903
27 14 2793
26 14 3838
25 14 3619
24 14 3288
23 14 3744
22 14 3478
21 14 3230
20 14 3475
19 14 1929
18 14 3711
17 14 3357
16 14 3493
15 14 3694
14 14 3534
13 14 3824
12 14 3575
11 14 3697
10 14 2930
9 14 3532
8 14 3463
7 14 3758
6 14 3518
5 14 3458
4 14 3617
3 14 3776
2 14 3558
1 14 3458
0 14 3558
63 15 3616
62 15 3861
61 15 2767
60 15 3746
59 15 3851
58 15 3815
57 15 2975
56 15 2911
55 15 1526
54 15 3708
53 15 3619
52 15 3593
51 15 3481
50 15 3596
49 15 3495
48 15 3504
47 15 3583
46 15 3587
45 15 3503
44 15 3497
43 15 3638
42 15 3528
41 15 2913
40 15 3626
39 15 3661
38 15 3806
37 15 3554
36 15 3521
35 15 3125
34 15 3551
33 15 3460
32 15 1767
31 15 3689
30 15 3675
29 15 2944
28 15 2872
27 15 2950
26 15 3576
25 15 3438
24 15 3646
23 15 3554
22 15 2981
21 15 3680
20 15 3534
19 15 3691
18 15 3525
17 15 3745
16 15 3559
15 15 3529
14 15 3572
13 15 2833
12 15 3356
11 15 3774
10 15 3455
9 15 3674
8 15 3502
7 15 2002
6 15 3763
5 15 3689
4 15 3864
3 15 3536
2 15 3479
1 15 3551
0 15 3856
63 16 3692
62 16 3218
61 16 3356
60 16 3694
59 16 3576
58 16 2515
57 16 1783
56 16 3722
55 16 3621
54 16 3603
53 16 2559
52 16 3606
51 16 3562
50 16 3491
49 16 3627
48 16 1862
47 16 3841
46 16 3856
45 16 3671
44 16 3684
43 16 3531
42 16 3567
41 16 3614
40 16 3571
39 16 3502
38 16 3512
37 16 3589
36 16 1664
35 16 3512
34 16 2917
33 16 3637
32 16 3507
31 16 3646
30 16 3280
29 16 1723
28 16 3747
27 16 3491
26 16 3107
25 16 2496
24 16 3230
23 16 3838
22 16 3527
21 16 1787
20 16 3665
19 16 3715
18 16 3623
17 16 3564
16 16 3571
15 16 1972
14 16 3639
13 16 3867
12 16 3815
11 16 3553
10 16 3605
9 16 3656
8 16 3670
