0 0 3665
1 0 3670
2 0 3676
3 0 3685
4 0 3685
5 0 3695
6 0 3700
7 0 3717
8 0 3723
9 0 3730
10 0 3737
11 0 3737
12 0 3744
13 0 3755
14 0 3759
15 0 3756
0 1 3672
1 1 3686
2 1 3695
3 1 3698
4 1 3712
5 1 3716
6 1 3723
7 1 3724
8 1 3735
9 1 3737
10 1 3747
11 1 3745
12 1 3764
13 1 3771
14 1 3782
15 1 3785
0 2 3701
1 2 3706
2 2 3711
3 2 3721
4 2 3724
5 2 3731
6 2 3738
7 2 3736
8 2 3754
9 2 3762
10 2 3767
11 2 3773
12 2 3777
13 2 3784
14 2 3785
15 2 3798
0 3 3714
1 3 3725
2 3 3727
3 3 3734
4 3 3746
5 3 3750
6 3 3761
7 3 3762
8 3 3771
9 3 3778
10 3 3785
11 3 3790
12 3 3801
13 3 3810
14 3 3807
15 3 3815
0 4 3735
1 4 3740
2 4 3748
3 4 3753
4 4 3760
5 4 3771
6 4 3776
7 4 3785
8 4 3783
9 4 3800
10 4 3798
11 4 3808
12 4 3816
13 4 3821
14 4 3827
15 4 3831
0 5 3744
1 5 3756
2 5 3756
3 5 3772
4 5 3779
5 5 3783
6 5 3787
7 5 3801
8 5 3807
9 5 3816
10 5 3814
11 5 3824
12 5 3833
13 5 3842
14 5 3841
15 5 3854
0 6 3765
1 6 3770
2 6 3776
3 6 3786
4 6 3791
5 6 3801
6 6 3802
7 6 3812
8 6 3816
9 6 3822
10 6 3834
11 6 3842
12 6 3847
13 6 3850
14 6 3862
15 6 3872
0 7 3774
1 7 3784
2 7 3794
3 7 3801
4 7 3808
5 7 3811
6 7 3822
7 7 3828
8 7 3838
9 7 3842
10 7 3849
11 7 3860
12 7 3864
13 7 3867
14 7 3881
15 7 3886
0 8 3791
1 8 3799
2 8 3807
3 8 3813
4 8 3823
5 8 3830
6 8 3833
7 8 3841
8 8 3853
9 8 3860
10 8 3860
11 8 3870
12 8 3873
13 8 3886
14 8 3889
15 8 3899
0 9 3801
1 9 3810
2 9 3820
3 9 3824
4 9 3831
5 9 3840
6 9 3850
7 9 3853
8 9 3859
9 9 3870
10 9 3880
11 9 3891
12 9 3898
13 9 3899
14 9 3899
15 9 3912
0 10 3815
1 10 3822
2 10 3834
3 10 3835
4 10 3846
5 10 3856
6 10 3858
7 10 3866
8 10 3871
9 10 3879
10 10 3888
11 10 3896
12 10 3906
13 10 3905
14 10 3919
15 10 3916
0 11 3824
1 11 3835
2 11 3842
3 11 3849
4 11 3859
5 11 3865
6 11 3864
7 11 3873
8 11 3883
9 11 3897
10 11 3899
11 11 3907
12 11 3904
13 11 3918
14 11 3922
15 11 3922
0 12 3828
1 12 3845
2 12 3849
3 12 3856
4 12 3861
5 12 3871
6 12 3880
7 12 3880
8 12 3890
9 12 3903
10 12 3909
11 12 3916
12 12 3925
13 12 3930
14 12 3925
15 12 3921
0 13 3845
1 13 3849
2 13 3859
3 13 3865
4 13 3875
5 13 3880
6 13 3886
7 13 3901
8 13 3902
9 13 3907
10 13 3923
11 13 3925
12 13 3928
13 13 3923
14 13 3926
15 13 3919
0 14 3857
1 14 3861
2 14 3869
3 14 3872
4 14 3882
5 14 3893
6 14 3897
7 14 3906
8 14 3913
9 14 3922
10 14 3926
11 14 3928
12 14 3930
13 14 3930
14 14 3928
15 14 3928
0 15 3864
1 15 3873
2 15 3869
3 15 3890
4 15 3892
5 15 3896
6 15 3907
7 15 3914
8 15 3925
9 15 3928
10 15 3926
11 15 3927
12 15 3920
13 15 3923
14 15 3935
15 15 3925
