0 0 -1641
1 0 -1628
2 0 -1626
3 0 -1623
4 0 -1615
5 0 -1611
6 0 -1606
7 0 -1604
8 0 -1598
9 0 -1601
10 0 -1603
11 0 -1602
12 0 -1608
13 0 -1599
14 0 -1607
15 0 -1614
0 1 -1610
1 1 -1601
2 1 -1591
3 1 -1589
4 1 -1593
5 1 -1589
6 1 -1585
7 1 -1573
8 1 -1585
9 1 -1581
10 1 -1580
11 1 -1574
12 1 -1578
13 1 -1572
14 1 -1569
15 1 -1578
0 2 -1578
1 2 -1573
2 2 -1564
3 2 -1559
4 2 -1563
5 2 -1570
6 2 -1561
7 2 -1555
8 2 -1557
9 2 -1555
10 2 -1550
11 2 -1554
12 2 -1558
13 2 -1553
14 2 -1551
15 2 -1551
0 3 -1555
1 3 -1549
2 3 -1556
3 3 -1550
4 3 -1551
5 3 -1543
6 3 -1542
7 3 -1532
8 3 -1539
9 3 -1532
10 3 -1530
11 3 -1531
12 3 -1522
13 3 -1530
14 3 -1527
15 3 -1526
0 4 -1539
1 4 -1532
2 4 -1532
3 4 -1523
4 4 -1519
5 4 -1525
6 4 -1516
7 4 -1513
8 4 -1516
9 4 -1519
10 4 -1512
11 4 -1508
12 4 -1509
13 4 -1506
14 4 -1506
15 4 -1503
0 5 -1528
1 5 -1518
2 5 -1508
3 5 -1519
4 5 -1506
5 5 -1508
6 5 -1500
7 5 -1500
8 5 -1500
9 5 -1495
10 5 -1499
11 5 -1490
12 5 -1492
13 5 -1494
14 5 -1491
15 5 -1484
0 6 -1500
1 6 -1502
2 6 -1500
3 6 -1495
4 6 -1501
5 6 -1498
6 6 -1492
7 6 -1489
8 6 -1482
9 6 -1486
10 6 -1479
11 6 -1479
12 6 -1470
13 6 -1466
14 6 -1463
15 6 -1467
0 7 -1496
1 7 -1485
2 7 -1482
3 7 -1480
4 7 -1475
5 7 -1475
6 7 -1473
7 7 -1473
8 7 -1459
9 7 -1472
10 7 -1460
11 7 -1457
12 7 -1455
13 7 -1441
14 7 -1450
15 7 -1449
0 8 -1469
1 8 -1472
2 8 -1470
3 8 -1472
4 8 -1464
5 8 -1463
6 8 -1458
7 8 -1458
8 8 -1458
9 8 -1452
10 8 -1448
11 8 -1443
12 8 -1446
13 8 -1449
14 8 -1437
15 8 -1435
0 9 -1472
1 9 -1461
2 9 -1453
3 9 -1453
4 9 -1452
5 9 -1451
6 9 -1447
7 9 -1453
8 9 -1440
9 9 -1442
10 9 -1437
11 9 -1444
12 9 -1433
13 9 -1434
14 9 -1432
15 9 -1423
0 10 -1464
1 10 -1449
2 10 -1456
3 10 -1453
4 10 -1448
5 10 -1441
6 10 -1431
7 10 -1433
8 10 -1424
9 10 -1435
10 10 -1427
11 10 -1423
12 10 -1416
13 10 -1422
14 10 -1412
15 10 -1413
0 11 -1455
1 11 -1451
2 11 -1438
3 11 -1435
4 11 -1443
5 11 -1426
6 11 -1433
7 11 -1433
8 11 -1423
9 11 -1420
10 11 -1415
11 11 -1406
12 11 -1411
13 11 -1405
14 11 -1391
15 11 -1399
0 12 -1450
1 12 -1444
2 12 -1443
3 12 -1436
4 12 -1427
5 12 -1429
6 12 -1422
7 12 -1414
8 12 -1417
9 12 -1414
10 12 -1411
11 12 -1406
12 12 -1399
13 12 -1401
14 12 -1391
15 12 -1405
0 13 -1442
1 13 -1437
2 13 -1432
3 13 -1434
4 13 -1423
5 13 -1428
6 13 -1419
7 13 -1410
8 13 -1412
9 13 -1404
10 13 -1406
11 13 -1408
12 13 -1396
13 13 -1394
14 13 -1383
15 13 -1381
0 14 -1442
1 14 -1439
2 14 -1430
3 14 -1429
4 14 -1426
5 14 -1415
6 14 -1412
7 14 -1414
8 14 -1404
9 14 -1404
10 14 -1397
11 14 -1399
12 14 -1382
13 14 -1381
14 14 -1394
15 14 -1377
0 15 -1447
1 15 -1446
2 15 -1433
3 15 -1422
4 15 -1417
5 15 -1421
6 15 -1410
7 15 -1403
8 15 -1403
9 15 -1399
10 15 -1394
11 15 -1392
12 15 -1393
13 15 -1388
14 15 -1379
15 15 -1392
