15 0 3763
14 0 3754
13 0 3757
12 0 3743
11 0 3742
10 0 3738
9 0 3732
8 0 3725
7 0 3721
6 0 3714
5 0 3699
4 0 3690
3 0 3679
2 0 3674
1 0 3672
0 0 3665
15 1 3785
14 1 3789
13 1 3772
12 1 3770
11 1 3767
10 1 3762
9 1 3742
8 1 3739
7 1 3726
6 1 3718
5 1 3718
4 1 3711
3 1 3700
2 1 3694
1 1 3687
0 1 3681
15 2 3792
14 2 3798
13 2 3784
12 2 3784
11 2 3773
10 2 3772
9 2 3756
8 2 3754
7 2 3745
6 2 3745
5 2 3737
4 2 3730
3 2 3721
2 2 3717
1 2 3712
0 2 3702
15 3 3815
14 3 3807
13 3 3806
12 3 3800
11 3 3789
10 3 3786
9 3 3778
8 3 3774
7 3 3772
6 3 3762
5 3 3752
4 3 3744
3 3 3742
2 3 3729
1 3 3727
0 3 3724
15 4 3838
14 4 3823
13 4 3823
12 4 3824
11 4 3811
10 4 3801
9 4 3795
8 4 3792
7 4 3786
6 4 3780
5 4 3771
4 4 3769
3 4 3760
2 4 3746
1 4 3745
0 4 3736
15 5 3852
14 5 3846
13 5 3839
12 5 3837
11 5 3825
10 5 3817
9 5 3816
8 5 3811
7 5 3801
6 5 3792
5 5 3792
4 5 3781
3 5 3773
2 5 3767
1 5 3758
0 5 3755
15 6 3870
14 6 3867
13 6 3858
12 6 3850
11 6 3846
10 6 3839
9 6 3830
8 6 3825
7 6 3816
6 6 3815
5 6 3801
4 6 3797
3 6 3791
2 6 3778
1 6 3774
0 6 3769
15 7 3888
14 7 3879
13 7 3873
12 7 3864
11 7 3858
10 7 3853
9 7 3842
8 7 3837
7 7 3833
6 7 3823
5 7 3823
4 7 3812
3 7 3805
2 7 3792
1 7 3785
0 7 3781
15 8 3903
14 8 3895
13 8 3891
12 8 3884
11 8 3874
10 8 3865
9 8 3859
8 8 3854
7 8 3844
6 8 3838
5 8 3838
4 8 3825
3 8 3818
2 8 3813
1 8 3804
0 8 3796
15 9 3914
14 9 3906
13 9 3904
12 9 3892
11 9 3887
10 9 3878
9 9 3868
8 9 3867
7 9 3856
6 9 3848
5 9 3845
4 9 3833
3 9 3825
2 9 3825
1 9 3816
0 9 3805
15 10 3918
14 10 3913
13 10 3912
12 10 3903
11 10 3898
10 10 3895
9 10 3886
8 10 3879
7 10 3865
6 10 3859
5 10 3849
4 10 3846
3 10 3843
2 10 3830
1 10 3828
0 10 3811
15 11 3930
14 11 3926
13 11 3922
12 11 3918
11 11 3915
10 11 3899
9 11 3898
8 11 3886
7 11 3875
6 11 3871
5 11 3862
4 11 3852
3 11 3850
2 11 3841
1 11 3836
0 11 3824
15 12 3924
14 12 3923
13 12 3925
12 12 3926
11 12 3924
10 12 3912
9 12 3906
8 12 3894
7 12 3891
6 12 3884
5 12 3877
4 12 3871
3 12 3858
2 12 3852
1 12 3845
0 12 3841
15 13 3926
14 13 3922
13 13 3919
12 13 3926
11 13 3926
10 13 3919
9 13 3912
8 13 3903
7 13 3901
6 13 3886
5 13 3885
4 13 3879
3 13 3873
2 13 3861
1 13 3855
0 13 3848
15 14 3932
14 14 3924
13 14 3929
12 14 3925
11 14 3922
10 14 3923
9 14 3922
8 14 3915
7 14 3904
6 14 3902
5 14 3893
4 14 3886
3 14 3883
2 14 3868
1 14 3865
0 14 3856
15 15 3931
14 15 3928
13 15 3925
12 15 3927
11 15 3932
10 15 3922
9 15 3923
8 15 3927
7 15 3915
6 15 3911
5 15 3903
4 15 3893
3 15 3888
2 15 3880
1 15 3872
0 15 3866
