15 0 -1613
14 0 -1608
13 0 -1605
12 0 -1604
11 0 -1595
10 0 -1588
9 0 -1607
8 0 -1596
7 0 -1602
6 0 -1605
5 0 -1606
4 0 -1613
3 0 -1613
2 0 -1618
1 0 -1618
0 0 -1640
15 1 -1577
14 1 -1572
13 1 -1574
12 1 -1572
11 1 -1564
10 1 -1581
9 1 -1579
8 1 -1578
7 1 -1574
6 1 -1584
5 1 -1579
4 1 -1578
3 1 -1580
2 1 -1593
1 1 -1588
0 1 -1605
15 2 -1548
14 2 -1551
13 2 -1556
12 2 -1546
11 2 -1546
10 2 -1554
9 2 -1551
8 2 -1550
7 2 -1560
6 2 -1553
5 2 -1559
4 2 -1556
3 2 -1562
2 2 -1565
1 2 -1567
0 2 -1569
15 3 -1531
14 3 -1521
13 3 -1527
12 3 -1524
11 3 -1530
10 3 -1527
9 3 -1524
8 3 -1534
7 3 -1533
6 3 -1529
5 3 -1538
4 3 -1544
3 3 -1539
2 3 -1541
1 3 -1546
0 3 -1550
15 4 -1508
14 4 -1504
13 4 -1503
12 4 -1510
11 4 -1508
10 4 -1508
9 4 -1511
8 4 -1514
7 4 -1511
6 4 -1516
5 4 -1514
4 4 -1521
3 4 -1523
2 4 -1525
1 4 -1524
0 4 -1534
15 5 -1483
14 5 -1488
13 5 -1492
12 5 -1491
11 5 -1496
10 5 -1488
9 5 -1485
8 5 -1502
7 5 -1496
6 5 -1508
5 5 -1501
4 5 -1501
3 5 -1505
2 5 -1508
1 5 -1512
0 5 -1516
15 6 -1467
14 6 -1467
13 6 -1468
12 6 -1466
11 6 -1472
10 6 -1468
9 6 -1478
8 6 -1483
7 6 -1479
6 6 -1475
5 6 -1487
4 6 -1487
3 6 -1488
2 6 -1492
1 6 -1505
0 6 -1500
15 7 -1447
14 7 -1452
13 7 -1451
12 7 -1457
11 7 -1451
10 7 -1453
9 7 -1461
8 7 -1465
7 7 -1464
6 7 -1463
5 7 -1466
4 7 -1481
3 7 -1482
2 7 -1477
1 7 -1486
0 7 -1491
15 8 -1434
14 8 -1437
13 8 -1440
12 8 -1435
11 8 -1442
10 8 -1449
9 8 -1441
8 8 -1451
7 8 -1453
6 8 -1455
5 8 -1463
4 8 -1461
3 8 -1457
2 8 -1458
1 8 -1471
0 8 -1477
15 9 -1416
14 9 -1423
13 9 -1422
12 9 -1425
11 9 -1420
10 9 -1428
9 9 -1435
8 9 -1443
7 9 -1440
6 9 -1447
5 9 -1445
4 9 -1445
3 9 -1448
2 9 -1452
1 9 -1470
0 9 -1459
15 10 -1406
14 10 -1409
13 10 -1417
12 10 -1418
11 10 -1414
10 10 -1419
9 10 -1417
8 10 -1426
7 10 -1431
6 10 -1437
5 10 -1443
4 10 -1442
3 10 -1456
2 10 -1443
1 10 -1455
0 10 -1455
15 11 -1400
14 11 -1395
13 11 -1397
12 11 -1403
11 11 -1406
10 11 -1412
9 11 -1415
8 11 -1415
7 11 -1419
6 11 -1431
5 11 -1428
4 11 -1433
3 11 -1434
2 11 -1445
1 11 -1444
0 11 -1447
15 12 -1385
14 12 -1389
13 12 -1391
12 12 -1389
11 12 -1399
10 12 -1395
9 12 -1408
8 12 -1414
7 12 -1409
6 12 -1419
5 12 -1416
4 12 -1424
3 12 -1422
2 12 -1437
1 12 -1435
0 12 -1441
15 13 -1386
14 13 -1377
13 13 -1382
12 13 -1384
11 13 -1392
10 13 -1392
9 13 -1400
8 13 -1406
7 13 -1407
6 13 -1413
5 13 -1421
4 13 -1425
3 13 -1430
2 13 -1430
1 13 -1431
0 13 -1438
15 14 -1388
14 14 -1381
13 14 -1386
12 14 -1386
11 14 -1393
10 14 -1390
9 14 -1398
8 14 -1396
7 14 -1405
6 14 -1414
5 14 -1410
4 14 -1417
3 14 -1420
2 14 -1425
1 14 -1431
0 14 -1428
15 15 -1381
14 15 -1373
13 15 -1378
12 15 -1387
11 15 -1384
10 15 -1389
9 15 -1395
8 15 -1395
7 15 -1407
6 15 -1411
5 15 -1409
4 15 -1418
3 15 -1425
2 15 -1428
1 15 -1431
0 15 -1437
