2.015 0.579 0.000 1.129 2.015 91.652 0.000 92.622 
2.011 0.437 0.004 1.088 2.011 91.606 0.004 92.576 
2.007 0.417 0.008 1.091 2.007 91.329 0.008 92.714 
2.003 0.443 0.012 1.069 2.003 91.283 0.012 92.807 
1.999 0.410 0.016 1.042 1.999 91.375 0.016 92.899 
1.995 0.402 0.020 1.064 1.995 91.698 0.020 92.945 
1.990 0.420 0.024 1.040 1.990 91.837 0.024 92.853 
1.986 0.397 0.028 1.046 1.986 91.745 0.028 92.714 
1.982 0.428 0.032 1.034 1.982 91.837 0.032 92.622 
1.978 0.392 0.036 1.054 1.978 91.698 0.036 92.530 
1.974 0.384 0.040 1.032 1.974 91.837 0.040 92.622 
1.970 0.388 0.044 1.044 1.970 91.144 0.044 92.622 
1.966 0.382 0.048 1.052 1.966 91.652 0.048 92.622 
1.962 0.399 0.052 1.000 1.962 91.514 0.052 92.483 
1.958 0.395 0.056 0.975 1.958 91.791 0.056 92.622 
1.954 0.422 0.060 0.946 1.954 91.929 0.060 92.576 
1.950 0.421 0.064 0.948 1.950 91.652 0.064 92.899 
1.946 0.385 0.068 0.921 1.946 91.745 0.068 92.899 
1.942 0.404 0.073 0.948 1.942 92.022 0.073 92.760 
1.938 0.403 0.077 0.921 1.938 91.883 0.077 92.576 
1.934 0.399 0.081 0.915 1.934 92.160 0.081 92.483 
1.930 0.362 0.085 0.937 1.930 92.160 0.085 92.622 
1.926 0.359 0.089 0.932 1.926 91.745 0.089 92.576 
1.922 0.379 0.093 0.926 1.922 91.698 0.093 92.714 
1.918 0.378 0.097 0.890 1.918 91.329 0.097 92.714 
1.914 0.365 0.101 0.882 1.914 91.837 0.101 92.714 
1.910 0.379 0.105 0.888 1.910 92.068 0.105 92.668 
1.906 0.387 0.109 0.836 1.906 92.068 0.109 92.576 
1.902 0.388 0.113 0.854 1.902 91.883 0.113 92.391 
1.898 0.370 0.117 0.848 1.898 91.606 0.117 92.530 
1.894 0.358 0.121 0.840 1.894 91.698 0.121 92.576 
1.890 0.370 0.125 0.843 1.890 91.375 0.125 92.714 
1.886 0.376 0.129 0.854 1.886 91.560 0.129 92.807 
1.882 0.361 0.133 0.873 1.882 91.191 0.133 92.668 
1.878 0.339 0.137 0.844 1.878 92.022 0.137 92.622 
1.874 0.366 0.141 0.839 1.874 91.329 0.141 92.437 
1.870 0.351 0.145 0.855 1.870 92.160 0.145 92.576 
1.866 0.357 0.149 0.810 1.866 91.237 0.149 92.530 
1.862 0.369 0.153 0.751 1.862 91.237 0.153 92.760 
1.858 0.367 0.157 0.747 1.858 91.745 0.157 92.668 
1.853 0.332 0.161 0.751 1.853 90.867 0.161 92.853 
1.849 0.342 0.165 0.736 1.849 91.698 0.165 92.807 
1.845 0.343 0.169 0.707 1.845 91.468 0.169 92.853 
1.841 0.359 0.173 0.699 1.841 91.560 0.173 92.668 
1.837 0.349 0.177 0.678 1.837 91.006 0.177 92.345 
1.833 0.352 0.181 0.658 1.833 91.329 0.181 92.668 
1.829 0.343 0.185 0.703 1.829 91.144 0.185 92.760 
1.825 0.305 0.189 0.689 1.825 91.006 0.189 92.760 
1.821 0.336 0.193 0.678 1.821 91.098 0.193 92.483 
1.817 0.328 0.197 0.656 1.817 91.191 0.197 92.714 
1.813 0.329 0.201 0.616 1.813 91.652 0.201 92.576 
1.809 0.351 0.205 0.596 1.809 91.283 0.205 92.760 
1.805 0.357 0.210 0.573 1.805 91.468 0.210 92.668 
1.801 0.331 0.214 0.591 1.801 91.283 0.214 92.483 
1.797 0.334 0.218 0.583 1.797 91.468 0.218 92.668 
1.793 0.322 0.222 0.559 1.793 90.729 0.222 92.760 
1.789 0.316 0.226 0.566 1.789 91.560 0.226 92.576 
1.785 0.309 0.230 0.567 1.785 91.283 0.230 93.130 
1.781 0.298 0.234 0.605 1.781 91.606 0.234 92.668 
1.777 0.309 0.238 0.575 1.777 91.144 0.238 92.622 
1.773 0.272 0.242 0.593 1.773 91.329 0.242 92.437 
1.769 0.302 0.246 0.585 1.769 91.375 0.246 92.483 
1.765 0.304 0.250 0.563 1.765 91.421 0.250 92.668 
1.761 0.287 0.254 0.529 1.761 91.421 0.254 93.453 
1.757 0.309 0.258 0.483 1.757 91.375 0.258 92.853 
1.753 0.295 0.262 0.493 1.753 91.745 0.262 93.268 
1.749 0.288 0.266 0.475 1.749 91.421 0.266 92.807 
1.745 0.302 0.270 0.506 1.745 92.022 0.270 93.453 
1.741 0.322 0.274 0.479 1.741 91.468 0.274 92.991 
1.737 0.305 0.278 0.479 1.737 91.883 0.278 92.945 
1.733 0.302 0.282 0.483 1.733 91.837 0.282 92.576 
1.729 0.292 0.286 0.487 1.729 91.791 0.286 93.361 
1.725 0.288 0.290 0.510 1.725 91.698 0.290 92.114 
1.721 0.281 0.294 0.440 1.721 91.375 0.294 92.253 
1.716 0.257 0.298 0.446 1.716 91.837 0.298 93.037 
1.712 0.319 0.302 0.435 1.712 91.837 0.302 93.869 
1.708 0.262 0.306 0.413 1.708 91.791 0.306 94.423 
1.704 0.276 0.310 0.409 1.704 91.329 0.310 92.483 
1.700 0.298 0.314 0.402 1.700 91.975 0.314 92.622 
1.696 0.290 0.318 0.416 1.696 92.160 0.318 93.407 
1.692 0.316 0.322 0.409 1.692 92.160 0.322 92.530 
1.688 0.305 0.326 0.403 1.688 91.745 0.326 93.037 
1.684 0.280 0.330 0.404 1.684 91.975 0.330 92.206 
1.680 0.277 0.334 0.395 1.680 91.929 0.334 91.745 
1.676 0.301 0.338 0.407 1.676 91.560 0.338 92.345 
1.672 0.326 0.342 0.368 1.672 91.560 0.342 92.345 
1.668 0.293 0.347 0.377 1.668 91.052 0.347 92.437 
1.664 0.299 0.351 0.334 1.664 92.068 0.351 93.130 
1.660 0.274 0.355 0.309 1.660 91.283 0.355 92.391 
1.656 0.284 0.359 0.317 1.656 91.606 0.359 92.437 
1.652 0.269 0.363 0.291 1.652 91.375 0.363 92.345 
1.648 0.262 0.367 0.290 1.648 91.237 0.367 91.837 
1.644 0.261 0.371 0.275 1.644 91.098 0.371 92.022 
1.640 0.256 0.375 0.304 1.640 91.052 0.375 92.391 
1.636 0.276 0.379 0.275 1.636 91.698 0.379 92.391 
1.632 0.286 0.383 0.288 1.632 91.421 0.383 92.807 
1.628 0.254 0.387 0.248 1.628 91.791 0.387 92.253 
1.624 0.242 0.391 0.251 1.624 91.144 0.391 92.483 
1.620 0.258 0.395 0.265 1.620 91.329 0.395 92.391 
1.616 0.255 0.399 0.219 1.616 91.098 0.399 92.437 
1.612 0.269 0.403 0.205 1.612 91.144 0.403 93.268 
1.608 0.257 0.407 0.185 1.608 91.006 0.407 91.837 
1.604 0.252 0.411 0.202 1.604 91.237 0.411 92.853 
1.600 0.255 0.415 0.179 1.600 91.283 0.415 92.760 
1.596 0.245 0.419 0.190 1.596 91.975 0.419 92.945 
1.592 0.235 0.423 0.193 1.592 91.375 0.423 92.945 
1.588 0.240 0.427 0.192 1.588 91.329 0.427 92.345 
1.584 0.261 0.431 0.210 1.584 91.468 0.431 91.745 
1.579 0.243 0.435 0.176 1.579 91.883 0.435 92.991 
1.575 0.268 0.439 0.180 1.575 91.606 0.439 93.314 
1.571 0.249 0.443 0.138 1.571 91.514 0.443 92.160 
1.567 0.247 0.447 0.144 1.567 92.253 0.447 93.314 
1.563 0.257 0.451 0.151 1.563 91.883 0.451 92.253 
1.559 0.245 0.455 0.128 1.559 91.929 0.455 93.084 
1.555 0.239 0.459 0.162 1.555 91.237 0.459 92.114 
1.551 0.214 0.463 0.124 1.551 92.345 0.463 94.192 
1.547 0.230 0.467 0.139 1.547 92.391 0.467 92.391 
1.543 0.222 0.471 0.137 1.543 92.530 0.471 94.284 
1.539 0.255 0.475 0.138 1.539 92.114 0.475 93.499 
1.535 0.237 0.479 0.132 1.535 91.421 0.479 91.837 
1.531 0.213 0.484 0.114 1.531 91.929 0.484 94.469 
1.527 0.226 0.488 0.120 1.527 91.606 0.488 91.468 
1.523 0.214 0.492 0.102 1.523 91.883 0.492 90.729 
1.519 0.230 0.496 0.100 1.519 92.160 0.496 93.361 
1.515 0.211 0.500 0.098 1.515 91.375 0.500 89.805 
1.511 0.201 0.504 0.102 1.511 91.421 0.504 90.221 
1.507 0.187 0.508 0.105 1.507 91.883 0.508 92.114 
1.503 0.191 0.512 0.098 1.503 92.253 0.512 90.267 
1.499 0.184 0.516 0.101 1.499 92.299 0.516 93.037 
1.495 0.160 0.520 0.098 1.495 91.975 0.520 92.114 
1.491 0.189 0.524 0.091 1.491 92.160 0.524 93.961 
1.487 0.176 0.528 0.095 1.487 90.729 0.528 93.407 
1.483 0.172 0.532 0.102 1.483 91.698 0.532 89.990 
1.479 0.190 0.536 0.100 1.479 91.421 0.536 89.344 
1.475 0.180 0.540 0.118 1.475 91.006 0.540 93.130 
1.471 0.198 0.544 0.126 1.471 92.437 0.544 91.698 
1.467 0.149 0.548 0.127 1.467 91.468 0.548 91.375 
1.463 0.172 0.552 0.136 1.463 92.299 0.552 93.084 
1.459 0.150 0.556 0.155 1.459 92.114 0.556 92.622 
1.455 0.144 0.560 0.110 1.455 90.960 0.560 90.914 
1.451 0.164 0.564 0.143 1.451 91.237 0.564 90.036 
1.447 0.152 0.568 0.162 1.447 90.359 0.568 87.174 
1.442 0.176 0.572 0.147 1.442 91.883 0.572 91.468 
1.438 0.168 0.576 0.188 1.438 91.006 0.576 91.698 
1.434 0.190 0.580 0.162 1.434 92.022 0.580 92.253 
1.430 0.176 0.584 0.203 1.430 91.052 0.584 92.114 
1.426 0.214 0.588 0.205 1.426 91.514 0.588 92.437 
1.422 0.203 0.592 0.239 1.422 90.867 0.592 92.068 
1.418 0.179 0.596 0.219 1.418 90.867 0.596 92.391 
1.414 0.177 0.600 0.247 1.414 90.544 0.600 91.929 
1.410 0.181 0.604 0.252 1.410 89.667 0.604 92.253 
1.406 0.152 0.608 0.205 1.406 91.006 0.608 92.530 
1.402 0.163 0.612 0.239 1.402 89.944 0.612 92.483 
1.398 0.134 0.616 0.192 1.398 90.498 0.616 91.883 
1.394 0.152 0.621 0.250 1.394 90.175 0.621 91.975 
1.390 0.151 0.625 0.238 1.390 88.189 0.625 91.929 
1.386 0.164 0.629 0.254 1.386 90.544 0.629 91.975 
1.382 0.165 0.633 0.313 1.382 89.759 0.633 91.975 
1.378 0.150 0.637 0.297 1.378 89.805 0.637 92.022 
1.374 0.125 0.641 0.331 1.374 89.759 0.641 91.975 
1.370 0.141 0.645 0.284 1.370 88.189 0.645 91.421 
1.366 0.129 0.649 0.333 1.366 88.189 0.649 91.468 
1.362 0.131 0.653 0.316 1.362 88.697 0.653 91.329 
1.358 0.133 0.657 0.328 1.358 88.420 0.657 91.837 
1.354 0.164 0.661 0.392 1.354 88.928 0.661 91.975 
1.350 0.133 0.665 0.398 1.350 88.189 0.665 91.837 
1.346 0.131 0.669 0.414 1.346 90.821 0.669 91.652 
1.342 0.125 0.673 0.411 1.342 89.020 0.673 91.421 
1.338 0.126 0.677 0.408 1.338 90.498 0.677 91.560 
1.334 0.139 0.681 0.421 1.334 88.005 0.681 91.237 
1.330 0.150 0.685 0.464 1.330 89.436 0.685 91.421 
1.326 0.146 0.689 0.468 1.326 90.313 0.689 91.375 
1.322 0.114 0.693 0.487 1.322 87.220 0.693 91.745 
1.318 0.129 0.697 0.503 1.318 89.436 0.697 91.652 
1.314 0.138 0.701 0.483 1.314 85.557 0.701 91.698 
1.310 0.110 0.705 0.508 1.310 89.205 0.705 91.514 
1.305 0.123 0.709 0.457 1.305 87.035 0.709 91.421 
1.301 0.114 0.713 0.477 1.301 92.991 0.713 91.421 
1.297 0.129 0.717 0.476 1.297 93.176 0.717 91.329 
1.293 0.122 0.721 0.504 1.293 90.313 0.721 91.514 
1.289 0.128 0.725 0.531 1.289 89.805 0.725 91.652 
1.285 0.125 0.729 0.545 1.285 91.791 0.729 91.698 
1.281 0.122 0.733 0.569 1.281 89.482 0.733 91.745 
1.277 0.123 0.737 0.575 1.277 87.497 0.737 91.606 
1.273 0.111 0.741 0.603 1.273 87.220 0.741 91.514 
1.269 0.126 0.745 0.573 1.269 89.251 0.745 91.468 
1.265 0.099 0.749 0.591 1.265 88.051 0.749 91.468 
1.261 0.124 0.753 0.595 1.261 89.297 0.753 91.560 
1.257 0.137 0.758 0.589 1.257 88.420 0.758 91.652 
1.253 0.113 0.762 0.625 1.253 87.451 0.762 91.745 
1.249 0.115 0.766 0.645 1.249 88.651 0.766 91.698 
1.245 0.100 0.770 0.644 1.245 90.359 0.770 91.606 
1.241 0.110 0.774 0.649 1.241 89.067 0.774 91.468 
1.237 0.108 0.778 0.679 1.237 86.250 0.778 91.421 
1.233 0.107 0.782 0.706 1.233 89.713 0.782 91.514 
1.229 0.117 0.786 0.691 1.229 90.036 0.786 91.652 
1.225 0.113 0.790 0.745 1.225 86.481 0.790 91.745 
1.221 0.110 0.794 0.738 1.221 89.713 0.794 91.745 
1.217 0.111 0.798 0.745 1.217 88.513 0.798 91.652 
1.213 0.115 0.802 0.728 1.213 87.220 0.802 91.560 
1.209 0.111 0.806 0.725 1.209 85.696 0.806 91.468 
1.205 0.113 0.810 0.748 1.205 86.342 0.810 91.421 
1.201 0.110 0.814 0.739 1.201 85.511 0.814 91.514 
1.197 0.094 0.818 0.727 1.197 92.760 0.818 91.652 
1.193 0.097 0.822 0.737 1.193 88.605 0.822 91.745 
1.189 0.096 0.826 0.756 1.189 91.329 0.826 91.745 
1.185 0.109 0.830 0.800 1.185 94.007 0.830 91.652 
1.181 0.098 0.834 0.834 1.181 86.296 0.834 91.514 
1.177 0.099 0.838 0.823 1.177 87.958 0.838 91.468 
1.173 0.091 0.842 0.840 1.173 85.234 0.842 91.421 
1.168 0.092 0.846 0.851 1.168 85.557 0.846 91.514 
1.164 0.094 0.850 0.842 1.164 82.972 0.850 91.652 
1.160 0.089 0.854 0.832 1.160 85.696 0.854 91.745 
1.156 0.089 0.858 0.887 1.156 90.221 0.858 91.745 
1.152 0.091 0.862 0.863 1.152 87.635 0.862 91.652 
1.148 0.101 0.866 0.899 1.148 87.358 0.866 91.514 
1.144 0.100 0.870 0.899 1.144 88.374 0.870 91.421 
1.140 0.096 0.874 0.921 1.140 84.357 0.874 91.421 
1.136 0.102 0.878 0.931 1.136 83.434 0.878 91.560 
1.132 0.101 0.882 0.961 1.132 87.497 0.882 91.652 
1.128 0.097 0.886 0.936 1.128 86.666 0.886 91.745 
1.124 0.098 0.890 0.958 1.124 83.618 0.890 91.745 
1.120 0.094 0.895 0.972 1.120 85.973 0.895 91.652 
1.116 0.096 0.899 0.989 1.116 85.696 0.899 91.514 
1.112 0.102 0.903 0.986 1.112 86.619 0.903 91.421 
1.108 0.098 0.907 0.998 1.108 85.973 0.907 91.421 
1.104 0.099 0.911 0.996 1.104 87.635 0.911 91.560 
1.100 0.099 0.915 0.982 1.100 85.373 0.915 91.652 
1.096 0.097 0.919 1.045 1.096 86.943 0.919 91.745 
1.092 0.100 0.923 1.041 1.092 86.342 0.923 91.698 
1.088 0.098 0.927 1.080 1.088 82.787 0.927 91.606 
1.084 0.093 0.931 1.074 1.084 86.712 0.931 91.468 
1.080 0.097 0.935 1.077 1.080 87.266 0.935 91.421 
1.076 0.099 0.939 1.102 1.076 86.342 0.939 91.468 
1.072 0.102 0.943 1.102 1.072 91.006 0.943 91.560 
1.068 0.100 0.947 1.140 1.068 86.527 0.947 91.698 
1.064 0.098 0.951 1.114 1.064 85.650 0.951 91.745 
1.060 0.102 0.955 1.097 1.060 91.468 0.955 91.698 
1.056 0.097 0.959 1.118 1.056 90.267 0.959 91.560 
1.052 0.102 0.963 1.098 1.052 86.573 0.963 91.421 
1.048 0.099 0.967 1.152 1.048 88.651 0.967 91.421 
1.044 0.094 0.971 1.159 1.044 91.329 0.971 91.468 
1.040 0.104 0.975 1.156 1.040 89.436 0.975 91.606 
1.036 0.105 0.979 1.199 1.036 88.051 0.979 91.698 
1.032 0.105 0.983 1.224 1.032 88.374 0.983 91.698 
1.027 0.095 0.987 1.236 1.027 85.696 0.987 91.652 
1.023 0.100 0.991 1.223 1.023 88.513 0.991 91.560 
1.019 0.098 0.995 1.212 1.019 89.805 0.995 91.421 
1.015 0.100 0.999 1.248 1.015 90.036 0.999 91.421 
1.011 0.120 1.003 1.286 1.011 88.236 1.003 91.514 
1.007 0.117 1.007 1.281 1.007 87.404 1.007 91.652 
1.003 0.138 1.011 1.291 1.003 89.667 1.011 91.745 
0.999 0.135 1.015 1.307 0.999 87.635 1.015 91.745 
0.995 0.131 1.019 0.361 0.995 88.420 1.019 91.098 
0.991 0.121 1.023 0.094 0.991 90.590 1.023 97.978 
0.987 0.123 1.027 0.098 0.987 90.082 1.027 95.023 
0.983 0.122 1.032 0.099 0.983 87.681 1.032 96.870 
0.979 0.110 1.036 0.102 0.979 88.559 1.036 97.101 
0.975 0.131 1.040 0.098 0.975 88.466 1.040 96.085 
0.971 0.109 1.044 0.095 0.971 88.836 1.044 95.762 
0.967 0.118 1.048 0.103 0.967 90.036 1.048 96.177 
0.963 0.126 1.052 0.102 0.963 86.389 1.052 96.039 
0.959 0.104 1.056 0.099 0.959 90.406 1.056 94.284 
0.955 0.127 1.060 0.098 0.955 88.974 1.060 95.715 
0.951 0.112 1.064 0.096 0.951 88.928 1.064 96.085 
0.947 0.125 1.068 0.098 0.947 90.221 1.068 95.992 
0.943 0.139 1.072 0.099 0.943 90.821 1.072 98.578 
0.939 0.140 1.076 0.097 0.939 88.928 1.076 97.378 
0.935 0.135 1.080 0.102 0.935 89.667 1.080 92.760 
0.931 0.127 1.084 0.099 0.931 89.621 1.084 97.193 
0.927 0.135 1.088 0.102 0.927 89.297 1.088 94.838 
0.923 0.142 1.092 0.096 0.923 90.729 1.092 97.839 
0.919 0.127 1.096 0.098 0.919 90.129 1.096 96.454 
0.915 0.146 1.100 0.093 0.915 88.420 1.100 96.039 
0.911 0.118 1.104 0.093 0.911 89.436 1.104 95.485 
0.907 0.117 1.108 0.096 0.907 90.406 1.108 98.301 
0.903 0.138 1.112 0.100 0.903 89.990 1.112 95.485 
0.899 0.145 1.116 0.094 0.899 90.082 1.116 95.254 
0.895 0.137 1.120 0.096 0.895 88.513 1.120 95.300 
0.890 0.134 1.124 0.099 0.890 89.898 1.124 96.962 
0.886 0.156 1.128 0.098 0.886 90.082 1.128 96.408 
0.882 0.133 1.132 0.098 0.882 89.990 1.132 95.161 
0.878 0.154 1.136 0.101 0.878 89.297 1.136 95.438 
0.874 0.135 1.140 0.098 0.874 88.928 1.140 94.330 
0.870 0.129 1.144 0.094 0.870 90.452 1.144 93.130 
0.866 0.133 1.148 0.105 0.866 90.452 1.148 95.392 
0.862 0.135 1.152 0.095 0.862 89.159 1.152 97.008 
0.858 0.158 1.156 0.094 0.858 89.852 1.156 96.316 
0.854 0.142 1.160 0.097 0.854 89.621 1.160 94.931 
0.850 0.137 1.164 0.098 0.850 90.683 1.164 97.470 
0.846 0.146 1.168 0.095 0.846 90.498 1.168 94.561 
0.842 0.147 1.173 0.101 0.842 90.267 1.173 100.009 
0.838 0.167 1.177 0.096 0.838 90.359 1.177 96.777 
0.834 0.155 1.181 0.093 0.834 91.375 1.181 98.670 
0.830 0.160 1.185 0.096 0.830 90.313 1.185 95.438 
0.826 0.172 1.189 0.093 0.826 89.621 1.189 95.023 
0.822 0.187 1.193 0.100 0.822 89.852 1.193 100.056 
0.818 0.180 1.197 0.095 0.818 90.267 1.197 96.500 
0.814 0.170 1.201 0.098 0.814 90.221 1.201 98.255 
0.810 0.171 1.205 0.095 0.810 89.575 1.205 96.870 
0.806 0.155 1.209 0.094 0.806 89.852 1.209 96.039 
0.802 0.171 1.213 0.100 0.802 90.775 1.213 94.746 
0.798 0.150 1.217 0.093 0.798 89.944 1.217 97.424 
0.794 0.160 1.221 0.089 0.794 89.990 1.221 93.453 
0.790 0.176 1.225 0.092 0.790 89.852 1.225 95.992 
0.786 0.169 1.229 0.091 0.786 89.852 1.229 97.424 
0.782 0.163 1.233 0.091 0.782 88.743 1.233 94.561 
0.778 0.144 1.237 0.087 0.778 88.928 1.237 96.500 
0.774 0.152 1.241 0.093 0.774 91.191 1.241 97.562 
0.770 0.148 1.245 0.089 0.770 89.251 1.245 96.408 
0.766 0.173 1.249 0.093 0.766 90.452 1.249 94.099 
0.762 0.172 1.253 0.089 0.762 89.621 1.253 95.392 
0.758 0.164 1.257 0.089 0.758 90.590 1.257 94.838 
0.753 0.181 1.261 0.090 0.753 89.759 1.261 93.592 
0.749 0.189 1.265 0.100 0.749 90.452 1.265 95.161 
0.745 0.199 1.269 0.101 0.745 90.960 1.269 96.085 
0.741 0.198 1.273 0.102 0.741 90.267 1.273 93.730 
0.737 0.169 1.277 0.116 0.737 89.667 1.277 98.024 
0.733 0.170 1.281 0.111 0.733 89.436 1.281 99.178 
0.729 0.165 1.285 0.138 0.729 89.805 1.285 95.854 
0.725 0.183 1.289 0.126 0.725 89.852 1.289 94.561 
0.721 0.184 1.293 0.114 0.721 90.590 1.293 96.362 
0.717 0.168 1.297 0.110 0.717 90.498 1.297 93.869 
0.713 0.187 1.301 0.111 0.713 89.713 1.301 94.192 
0.709 0.171 1.305 0.133 0.709 91.006 1.305 96.131 
0.705 0.195 1.310 0.122 0.705 91.052 1.310 95.161 
0.701 0.172 1.314 0.122 0.701 90.175 1.314 94.007 
0.697 0.176 1.318 0.113 0.697 91.006 1.318 95.346 
0.693 0.180 1.322 0.135 0.693 91.052 1.322 95.254 
0.689 0.194 1.326 0.133 0.689 91.514 1.326 94.007 
0.685 0.194 1.330 0.127 0.685 92.114 1.330 92.807 
0.681 0.185 1.334 0.143 0.681 90.590 1.334 91.652 
0.677 0.195 1.338 0.128 0.677 91.514 1.338 93.592 
0.673 0.189 1.342 0.127 0.673 90.406 1.342 91.468 
0.669 0.174 1.346 0.132 0.669 89.482 1.346 94.238 
0.665 0.198 1.350 0.111 0.665 91.975 1.350 92.760 
0.661 0.185 1.354 0.133 0.661 91.421 1.354 89.852 
0.657 0.196 1.358 0.127 0.657 91.006 1.358 93.961 
0.653 0.197 1.362 0.146 0.653 90.729 1.362 91.329 
0.649 0.200 1.366 0.154 0.649 89.944 1.366 91.745 
0.645 0.210 1.370 0.142 0.645 91.329 1.370 92.530 
0.641 0.224 1.374 0.127 0.641 90.590 1.374 93.776 
0.637 0.203 1.378 0.147 0.637 90.129 1.378 92.668 
0.633 0.201 1.382 0.150 0.633 90.452 1.382 92.622 
0.629 0.204 1.386 0.140 0.629 91.468 1.386 91.375 
0.625 0.205 1.390 0.162 0.625 90.544 1.390 91.375 
0.621 0.178 1.394 0.143 0.621 90.636 1.394 92.483 
0.616 0.179 1.398 0.150 0.616 91.560 1.398 92.206 
0.612 0.206 1.402 0.149 0.612 90.914 1.402 91.052 
0.608 0.203 1.406 0.125 0.608 90.452 1.406 92.299 
0.604 0.205 1.410 0.157 0.604 90.406 1.410 88.974 
0.600 0.203 1.414 0.136 0.600 91.144 1.414 92.206 
0.596 0.214 1.418 0.143 0.596 90.359 1.418 91.560 
0.592 0.208 1.422 0.168 0.592 91.052 1.422 92.622 
0.588 0.207 1.426 0.178 0.588 90.914 1.426 92.991 
0.584 0.219 1.430 0.141 0.584 91.468 1.430 91.698 
0.580 0.233 1.434 0.161 0.580 92.206 1.434 91.468 
0.576 0.235 1.438 0.167 0.576 91.883 1.438 91.421 
0.572 0.240 1.442 0.154 0.572 91.283 1.442 91.191 
0.568 0.236 1.447 0.166 0.568 91.052 1.447 91.514 
0.564 0.232 1.451 0.169 0.564 91.514 1.451 93.176 
0.560 0.237 1.455 0.168 0.560 91.745 1.455 92.760 
0.556 0.226 1.459 0.183 0.556 90.914 1.459 92.068 
0.552 0.253 1.463 0.150 0.552 91.329 1.463 91.052 
0.548 0.244 1.467 0.174 0.548 91.883 1.467 91.791 
0.544 0.242 1.471 0.172 0.544 91.468 1.471 91.144 
0.540 0.256 1.475 0.204 0.540 92.206 1.475 91.237 
0.536 0.245 1.479 0.197 0.536 90.775 1.479 91.375 
0.532 0.234 1.483 0.197 0.532 91.144 1.483 91.560 
0.528 0.226 1.487 0.197 0.528 91.283 1.487 92.437 
0.524 0.214 1.491 0.182 0.524 92.068 1.491 92.022 
0.520 0.210 1.495 0.211 0.520 91.606 1.495 92.068 
0.516 0.208 1.499 0.198 0.516 91.698 1.499 92.899 
0.512 0.235 1.503 0.174 0.512 91.283 1.503 91.975 
0.508 0.218 1.507 0.200 0.508 93.176 1.507 91.375 
0.504 0.242 1.511 0.179 0.504 90.683 1.511 92.114 
0.500 0.236 1.515 0.197 0.500 92.022 1.515 92.391 
0.496 0.219 1.519 0.203 0.496 91.975 1.519 92.253 
0.492 0.220 1.523 0.175 0.492 90.406 1.523 92.206 
0.488 0.214 1.527 0.196 0.488 90.960 1.527 91.698 
0.484 0.235 1.531 0.194 0.484 92.114 1.531 91.929 
0.479 0.235 1.535 0.219 0.479 93.176 1.535 92.345 
0.475 0.234 1.539 0.238 0.475 91.606 1.539 92.714 
0.471 0.226 1.543 0.209 0.471 90.267 1.543 91.837 
0.467 0.221 1.547 0.234 0.467 91.468 1.547 92.299 
0.463 0.225 1.551 0.210 0.463 92.668 1.551 92.206 
0.459 0.218 1.555 0.186 0.459 91.421 1.555 91.883 
0.455 0.225 1.559 0.202 0.455 91.375 1.559 91.975 
0.451 0.237 1.563 0.211 0.451 91.514 1.563 92.253 
0.447 0.218 1.567 0.207 0.447 92.345 1.567 92.899 
0.443 0.211 1.571 0.228 0.443 92.483 1.571 91.929 
0.439 0.210 1.575 0.234 0.439 92.206 1.575 92.022 
0.435 0.214 1.579 0.224 0.435 92.622 1.579 91.883 
0.431 0.232 1.584 0.277 0.431 92.160 1.584 92.114 
0.427 0.235 1.588 0.239 0.427 91.883 1.588 91.745 
0.423 0.195 1.592 0.264 0.423 91.421 1.592 91.837 
0.419 0.140 1.596 0.226 0.419 90.683 1.596 91.837 
0.415 0.157 1.600 0.247 0.415 91.375 1.600 91.883 
0.411 0.166 1.604 0.246 0.411 92.022 1.604 92.345 
0.407 0.185 1.608 0.251 0.407 91.283 1.608 91.421 
0.403 0.185 1.612 0.251 0.403 91.098 1.612 91.283 
0.399 0.204 1.616 0.257 0.399 92.022 1.616 90.914 
0.395 0.213 1.620 0.278 0.395 91.929 1.620 91.698 
0.391 0.190 1.624 0.288 0.391 91.837 1.624 91.237 
0.387 0.228 1.628 0.283 0.387 92.253 1.628 92.022 
0.383 0.210 1.632 0.270 0.383 91.883 1.632 91.745 
0.379 0.223 1.636 0.248 0.379 91.791 1.636 91.929 
0.375 0.231 1.640 0.272 0.375 91.237 1.640 91.514 
0.371 0.237 1.644 0.290 0.371 91.191 1.644 91.144 
0.367 0.243 1.648 0.280 0.367 91.652 1.648 91.375 
0.363 0.241 1.652 0.276 0.363 91.929 1.652 90.960 
0.359 0.300 1.656 0.245 0.359 91.837 1.656 90.960 
0.355 0.276 1.660 0.259 0.355 91.837 1.660 91.421 
0.351 0.306 1.664 0.272 0.351 92.945 1.664 91.837 
0.347 0.318 1.668 0.254 0.347 92.530 1.668 91.560 
0.342 0.275 1.672 0.257 0.342 91.698 1.672 91.468 
0.338 0.337 1.676 0.284 0.338 92.253 1.676 91.006 
0.334 0.271 1.680 0.297 0.334 92.391 1.680 90.867 
0.330 0.311 1.684 0.295 0.330 92.299 1.684 90.914 
0.326 0.334 1.688 0.300 0.326 91.745 1.688 91.098 
0.322 0.322 1.692 0.306 0.322 92.760 1.692 91.560 
0.318 0.364 1.696 0.316 0.318 92.483 1.696 91.237 
0.314 0.313 1.700 0.329 0.314 93.084 1.700 91.745 
0.310 0.392 1.704 0.304 0.310 92.022 1.704 91.421 
0.306 0.380 1.708 0.322 0.306 92.160 1.708 91.375 
0.302 0.420 1.712 0.339 0.302 91.745 1.712 91.144 
0.298 0.437 1.716 0.318 0.298 92.160 1.716 91.421 
0.294 0.432 1.721 0.296 0.294 93.361 1.721 91.329 
0.290 0.460 1.725 0.288 0.290 92.668 1.725 91.698 
0.286 0.372 1.729 0.298 0.286 91.144 1.729 91.606 
0.282 0.425 1.733 0.272 0.282 92.299 1.733 91.560 
0.278 0.412 1.737 0.272 0.278 92.206 1.737 91.421 
0.274 0.439 1.741 0.299 0.274 92.483 1.741 91.329 
0.270 0.454 1.745 0.284 0.270 92.206 1.745 91.652 
0.266 0.451 1.749 0.319 0.266 92.437 1.749 91.375 
0.262 0.513 1.753 0.297 0.262 92.437 1.753 91.975 
0.258 0.531 1.757 0.309 0.258 92.899 1.757 91.652 
0.254 0.575 1.761 0.311 0.254 92.668 1.761 92.391 
0.250 0.560 1.765 0.295 0.250 92.530 1.765 92.114 
0.246 0.589 1.769 0.311 0.246 92.668 1.769 91.514 
0.242 0.604 1.773 0.289 0.242 92.760 1.773 91.698 
0.238 0.553 1.777 0.284 0.238 92.668 1.777 91.560 
0.234 0.589 1.781 0.302 0.234 92.945 1.781 92.114 
0.230 0.562 1.785 0.296 0.230 92.622 1.785 91.514 
0.226 0.589 1.789 0.297 0.226 92.945 1.789 91.883 
0.222 0.546 1.793 0.300 0.222 92.853 1.793 91.745 
0.218 0.582 1.797 0.318 0.218 93.130 1.797 92.114 
0.214 0.601 1.801 0.302 0.214 92.530 1.801 91.837 
0.210 0.612 1.805 0.319 0.210 92.945 1.805 91.883 
0.205 0.636 1.809 0.329 0.205 92.714 1.809 92.022 
0.201 0.633 1.813 0.318 0.201 92.714 1.813 91.975 
0.197 0.660 1.817 0.309 0.197 92.899 1.817 92.206 
0.193 0.662 1.821 0.294 0.193 92.760 1.821 92.114 
0.189 0.637 1.825 0.322 0.189 92.391 1.825 92.206 
0.185 0.608 1.829 0.276 0.185 92.622 1.829 91.652 
0.181 0.630 1.833 0.292 0.181 92.576 1.833 91.929 
0.177 0.653 1.837 0.295 0.177 92.299 1.837 91.929 
0.173 0.650 1.841 0.330 0.173 92.899 1.841 91.791 
0.169 0.695 1.845 0.319 0.169 92.483 1.845 91.745 
0.165 0.670 1.849 0.301 0.165 93.037 1.849 92.068 
0.161 0.745 1.853 0.330 0.161 92.760 1.853 92.206 
0.157 0.723 1.858 0.300 0.157 92.668 1.858 91.375 
0.153 0.731 1.862 0.325 0.153 92.345 1.862 91.606 
0.149 0.716 1.866 0.322 0.149 92.530 1.866 91.144 
0.145 0.746 1.870 0.342 0.145 92.483 1.870 91.698 
0.141 0.803 1.874 0.349 0.141 92.530 1.874 91.698 
0.137 0.755 1.878 0.341 0.137 92.714 1.878 91.745 
0.133 0.772 1.882 0.342 0.133 92.622 1.882 91.560 
0.129 0.743 1.886 0.339 0.129 92.714 1.886 91.652 
0.125 0.766 1.890 0.351 0.125 92.530 1.890 91.375 
0.121 0.792 1.894 0.332 0.121 92.437 1.894 91.098 
0.117 0.783 1.898 0.326 0.117 92.437 1.898 91.329 
0.113 0.812 1.902 0.380 0.113 92.622 1.902 91.283 
0.109 0.850 1.906 0.355 0.109 92.760 1.906 91.745 
0.105 0.856 1.910 0.342 0.105 92.853 1.910 91.375 
0.101 0.857 1.914 0.367 0.101 92.760 1.914 91.514 
0.097 0.851 1.918 0.388 0.097 92.760 1.918 91.421 
0.093 0.812 1.922 0.390 0.093 92.437 1.922 91.375 
0.089 0.857 1.926 0.384 0.089 92.576 1.926 91.375 
0.085 0.853 1.930 0.409 0.085 92.576 1.930 91.237 
0.081 0.854 1.934 0.379 0.081 92.714 1.934 90.867 
0.077 0.871 1.938 0.392 0.077 92.945 1.938 91.144 
0.073 0.889 1.942 0.391 0.073 92.760 1.942 91.514 
0.068 0.915 1.946 0.368 0.068 92.807 1.946 91.560 
0.064 0.912 1.950 0.409 0.064 92.622 1.950 91.421 
0.060 0.977 1.954 0.402 0.060 92.668 1.954 91.329 
0.056 0.978 1.958 0.379 0.056 92.437 1.958 91.283 
0.052 0.953 1.962 0.380 0.052 92.576 1.962 91.052 
0.048 0.972 1.966 0.384 0.048 92.853 1.966 91.421 
0.044 0.973 1.970 0.393 0.044 92.760 1.970 91.098 
0.040 0.966 1.974 0.380 0.040 92.945 1.974 91.468 
0.036 0.994 1.978 0.392 0.036 92.760 1.978 91.837 
0.032 0.982 1.982 0.382 0.032 92.668 1.982 91.329 
0.028 0.980 1.986 0.355 0.028 92.576 1.986 91.837 
0.024 0.963 1.990 0.412 0.024 92.714 1.990 91.237 
0.020 0.999 1.995 0.390 0.020 92.760 1.995 91.652 
0.016 1.017 1.999 0.416 0.016 92.853 1.999 91.375 
0.012 1.039 2.003 0.417 0.012 92.899 2.003 91.791 
0.008 1.090 2.007 0.410 0.008 92.853 2.007 91.606 
0.004 1.122 2.011 0.401 0.004 92.714 2.011 91.929 
